$SPEC_ID:
Recoil
$SPEC_REM:
DET# 2
DETDESC# JLAB-11 MCB 134
AP# Maestro Version 7.01
$DATE_MEA:
03/12/2026 09:24:04
$MEAS_TIM:
131 146
$DATA:
0 2047
       0
       0
       0
       0
       0
       0
       0
       0
       0
       0
       0
       0
       0
       0
       0
       0
       0
       0
       0
       0
       0
       0
       0
       0
       0
       0
       0
       0
       0
       0
       0
       0
       0
       0
       0
       0
       0
       0
       0
       0
       0
       0
       0
       0
       0
       0
       0
       0
       0
       0
       0
       0
       0
       0
       0
       0
       0
       0
       0
       0
       0
       0
       0
       0
       0
       0
       0
       0
       0
       0
       0
       0
       1
       5
      31
     389
     426
     417
     386
     389
     399
     397
     439
     425
     421
     419
     433
     425
     412
     399
     426
     397
     409
     345
     384
     430
     425
     398
     446
     425
     421
     406
     424
     434
     416
     389
     422
     426
     391
     407
     391
     404
     401
     404
     420
     387
     392
     413
     413
     429
     422
     403
     417
     399
     438
     447
     417
     397
     429
     403
     440
     462
     414
     431
     425
     421
     425
     447
     409
     407
     420
     461
     421
     430
     417
     404
     406
     422
     408
     399
     432
     414
     400
     417
     427
     435
     443
     447
     386
     415
     417
     422
     429
     423
     416
     423
     437
     422
     445
     431
     422
     446
     437
     397
     454
     431
     424
     391
     411
     420
     404
     419
     433
     400
     436
     481
     428
     448
     464
     429
     466
     437
     472
     435
     425
     422
     445
     474
     430
     437
     461
     444
     458
     444
     441
     493
     461
     444
     455
     480
     441
     500
     493
     476
     442
     464
     492
     459
     453
     469
     481
     487
     475
     505
     504
     473
     484
     500
     503
     486
     512
     489
     473
     522
     457
     482
     491
     512
     479
     499
     511
     531
     498
     488
     528
     520
     509
     473
     551
     476
     481
     501
     473
     499
     516
     478
     540
     504
     486
     514
     490
     505
     526
     495
     534
     523
     510
     501
     489
     497
     485
     505
     491
     510
     495
     502
     482
     532
     525
     531
     521
     514
     528
     568
     506
     538
     524
     529
     503
     572
     491
     511
     477
     506
     522
     560
     532
     549
     520
     478
     516
     551
     533
     493
     521
     508
     490
     524
     503
     531
     530
     519
     547
     545
     535
     535
     524
     518
     547
     524
     560
     537
     549
     539
     513
     550
     553
     551
     587
     544
     491
     598
     519
     545
     531
     631
     536
     578
     546
     551
     602
     564
     573
     584
     581
     582
     602
     538
     573
     603
     586
     598
     540
     579
     601
     570
     569
     580
     572
     558
     587
     623
     585
     592
     570
     602
     583
     602
     585
     576
     597
     638
     586
     546
     611
     596
     578
     617
     606
     601
     572
     623
     618
     568
     621
     598
     617
     619
     641
     576
     604
     588
     586
     642
     631
     586
     594
     596
     603
     587
     601
     636
     624
     620
     657
     651
     611
     660
     593
     642
     609
     673
     619
     614
     636
     618
     575
     618
     641
     583
     663
     618
     618
     585
     604
     592
     643
     630
     631
     636
     605
     677
     657
     607
     670
     641
     617
     645
     620
     585
     603
     588
     633
     637
     614
     614
     634
     650
     640
     614
     635
     620
     596
     596
     653
     636
     616
     686
     583
     639
     585
     615
     682
     599
     646
     637
     643
     661
     615
     665
     682
     674
     635
     674
     637
     633
     627
     676
     667
     631
     628
     659
     659
     659
     617
     681
     618
     668
     637
     719
     687
     705
     712
     686
     714
     698
     722
     712
     724
     761
     707
     721
     762
     770
     752
     757
     792
     722
     768
     741
     799
     751
     769
     802
     806
     805
     805
     778
     773
     819
     804
     794
     812
     805
     811
     780
     795
     831
     787
     849
     753
     781
     777
     822
     808
     810
     758
     745
     817
     806
     817
     883
     792
     820
     854
     886
     820
     822
     796
     832
     762
     784
     835
     806
     791
     801
     829
     800
     784
     835
     774
     793
     748
     795
     845
     816
     784
     763
     801
     805
     784
     867
     761
     795
     836
     785
     797
     710
     808
     827
     761
     691
     771
     745
     743
     751
     696
     755
     790
     750
     728
     774
     746
     735
     754
     727
     773
     769
     716
     712
     773
     742
     753
     746
     717
     702
     737
     725
     760
     698
     745
     720
     711
     721
     712
     719
     704
     733
     700
     714
     717
     705
     676
     673
     749
     710
     683
     662
     700
     717
     726
     739
     728
     745
     675
     712
     655
     665
     748
     669
     716
     697
     675
     741
     721
     729
     710
     723
     669
     681
     713
     681
     697
     673
     728
     674
     680
     681
     697
     696
     671
     712
     691
     658
     660
     675
     651
     666
     668
     661
     661
     670
     639
     669
     680
     676
     669
     680
     696
     694
     692
     617
     630
     622
     661
     654
     647
     663
     654
     647
     662
     643
     705
     647
     645
     639
     627
     682
     619
     635
     686
     651
     620
     636
     665
     689
     661
     676
     566
     642
     643
     612
     635
     608
     609
     618
     622
     641
     647
     670
     604
     634
     641
     630
     636
     624
     629
     599
     638
     616
     645
     625
     582
     630
     594
     624
     626
     626
     609
     590
     623
     614
     592
     575
     578
     592
     596
     606
     593
     574
     553
     571
     573
     603
     582
     610
     617
     594
     584
     598
     608
     561
     583
     573
     580
     594
     569
     545
     589
     594
     577
     596
     548
     554
     581
     589
     581
     592
     598
     535
     584
     569
     560
     536
     538
     561
     567
     590
     551
     572
     566
     527
     569
     529
     568
     506
     560
     558
     586
     524
     514
     540
     495
     582
     583
     540
     518
     530
     508
     572
     540
     540
     569
     535
     560
     545
     551
     556
     502
     569
     529
     491
     514
     502
     499
     597
     566
     579
     544
     546
     526
     508
     448
     538
     500
     515
     527
     531
     556
     528
     536
     503
     513
     488
     537
     541
     563
     506
     558
     508
     541
     508
     532
     560
     468
     536
     507
     514
     538
     510
     517
     497
     491
     500
     567
     508
     489
     552
     532
     496
     506
     473
     508
     489
     492
     504
     475
     477
     467
     537
     497
     466
     478
     484
     489
     471
     516
     479
     459
     473
     506
     471
     478
     460
     495
     469
     485
     477
     456
     505
     477
     478
     519
     479
     473
     432
     486
     461
     447
     488
     457
     463
     438
     436
     461
     444
     418
     487
     425
     412
     405
     420
     419
     407
     436
     400
     396
     444
     430
     435
     431
     450
     431
     409
     413
     437
     406
     389
     407
     405
     398
     370
     367
     405
     343
     381
     420
     391
     381
     365
     401
     351
     361
     341
     400
     364
     363
     355
     352
     341
     370
     325
     354
     348
     326
     348
     334
     333
     338
     368
     321
     325
     308
     310
     324
     333
     340
     319
     321
     312
     317
     296
     342
     315
     331
     317
     298
     277
     319
     306
     323
     327
     321
     311
     304
     308
     284
     329
     281
     275
     295
     315
     279
     306
     286
     280
     295
     298
     286
     266
     285
     285
     250
     294
     278
     287
     283
     291
     275
     284
     265
     262
     289
     265
     253
     243
     269
     297
     247
     317
     262
     280
     281
     272
     275
     275
     278
     277
     281
     275
     225
     272
     299
     263
     265
     258
     251
     249
     283
     248
     304
     245
     262
     233
     243
     237
     268
     251
     225
     270
     236
     248
     243
     227
     270
     260
     252
     265
     266
     259
     281
     241
     208
     252
     247
     257
     225
     222
     253
     246
     250
     244
     230
     215
     264
     234
     227
     234
     269
     254
     251
     236
     246
     233
     231
     251
     237
     226
     276
     245
     237
     237
     278
     226
     248
     262
     253
     205
     250
     204
     237
     203
     274
     225
     225
     235
     222
     248
     243
     231
     229
     237
     235
     247
     240
     240
     222
     240
     208
     233
     251
     232
     218
     209
     234
     238
     240
     253
     239
     256
     206
     233
     215
     225
     225
     239
     206
     216
     209
     240
     241
     240
     196
     196
     241
     226
     228
     232
     209
     242
     235
     214
     230
     236
     230
     252
     225
     231
     224
     218
     207
     210
     239
     247
     232
     259
     224
     237
     217
     253
     225
     245
     242
     246
     254
     233
     244
     241
     233
     218
     215
     234
     220
     236
     235
     224
     233
     235
     227
     226
     266
     248
     211
     235
     235
     237
     252
     263
     260
     223
     249
     214
     218
     211
     227
     257
     242
     250
     249
     234
     255
     254
     231
     230
     250
     241
     243
     264
     237
     279
     241
     243
     243
     244
     263
     259
     257
     289
     248
     261
     241
     252
     245
     271
     251
     243
     236
     254
     255
     278
     266
     265
     265
     248
     261
     264
     277
     250
     266
     286
     261
     233
     267
     257
     265
     283
     258
     271
     259
     255
     271
     237
     270
     265
     279
     285
     276
     280
     277
     281
     298
     283
     312
     309
     280
     272
     257
     324
     282
     297
     291
     297
     309
     277
     332
     352
     320
     308
     339
     370
     353
     309
     362
     335
     337
     345
     362
     358
     352
     380
     378
     378
     385
     438
     393
     398
     438
     417
     440
     402
     414
     447
     457
     472
     485
     496
     492
     481
     524
     511
     483
     527
     567
     583
     567
     586
     529
     565
     608
     589
     616
     616
     694
     617
     675
     713
     681
     699
     744
     709
     758
     717
     786
     746
     796
     815
     855
     831
     916
     862
     863
     954
     946
     979
     960
     951
     975
    1074
    1058
    1131
    1067
    1095
    1111
    1124
    1094
    1202
    1198
    1243
    1191
    1181
    1220
    1284
    1330
    1344
    1329
    1425
    1384
    1334
    1375
    1463
    1423
    1427
    1478
    1482
    1496
    1591
    1611
    1583
    1592
    1534
    1636
    1639
    1661
    1636
    1671
    1701
    1601
    1718
    1741
    1787
    1763
    1813
    1800
    1805
    1851
    1903
    1858
    1831
    1899
    1911
    1865
    1853
    1893
    1905
    1929
    1899
    1932
    1973
    1989
    1942
    1944
    1917
    1938
    1958
    1937
    1949
    1972
    1919
    1953
    1983
    1977
    1928
    2000
    1921
    1954
    1982
    1878
    1881
    1863
    1804
    1806
    1868
    1785
    1809
    1787
    1848
    1721
    1737
    1719
    1700
    1721
    1678
    1667
    1599
    1610
    1627
    1569
    1557
    1524
    1567
    1525
    1497
    1451
    1404
    1400
    1423
    1433
    1321
    1291
    1308
    1237
    1237
    1283
    1249
    1174
    1115
    1120
    1100
    1069
    1048
    1082
    1043
     976
     965
    1013
     931
     935
     933
     905
     901
     843
     786
     792
     799
     704
     725
     715
     696
     714
     674
     640
     604
     625
     565
     555
     561
     527
     552
     499
     515
     487
     451
     465
     441
     424
     432
     394
     402
     363
     346
     352
     345
     339
     329
     320
     304
     328
     285
     276
     263
     264
     271
     241
     257
     241
     241
     269
     199
     219
     211
     226
     196
     172
     205
     176
     182
     200
     185
     170
     159
     136
     149
     162
     142
     152
     139
     131
     127
     108
     130
     146
     124
     118
     128
     119
     121
     113
     102
     122
      92
     127
      99
     108
      87
     114
     137
     103
     107
     113
     101
     113
     104
     105
     113
      96
      98
     109
      99
     124
     102
     100
      98
      87
     108
      88
     104
      91
     112
     114
      88
      98
      98
     106
      90
     110
      99
     117
      88
      95
     101
     103
      96
     101
     101
      93
      98
     121
      84
      98
      84
     101
      99
      95
      84
      97
     102
     112
      82
     105
      87
      93
      89
      83
      97
      87
     113
      88
      73
      86
     111
      95
     100
     101
      99
      93
      89
      96
     110
      78
      94
      85
      94
     109
      91
     103
     104
     107
      95
      81
      99
     106
      92
      90
     101
      97
     111
      96
      83
      98
      87
     103
      95
     109
     104
      95
      94
      99
     104
     112
     111
     106
     101
     106
     117
      90
     116
      95
     103
     111
     102
     105
     111
     102
      85
     115
     101
      91
      91
      98
     119
     113
     105
     120
     114
     132
     113
     134
      95
     105
      94
     106
     111
     145
     108
     107
     126
      93
     113
     116
     133
     130
     124
      98
     127
     130
     113
     128
     105
     128
     114
     125
     137
     124
     123
     129
     143
     138
     142
     121
     124
     139
     153
     123
     141
     153
     120
     136
     135
     150
     151
     126
     148
     127
     144
     158
     118
     144
     171
     140
     148
     145
     134
     127
     139
     130
     170
     157
     145
     140
     156
     158
     146
     142
     142
     153
     152
     160
     144
     168
     143
     173
     186
     155
     174
     146
     149
     168
     167
     174
     143
     148
     169
     166
     163
     144
     148
     187
     169
     176
     175
     178
     184
     181
     173
     180
     182
     171
     142
     154
     158
     168
     174
     161
     171
     179
     174
     193
     146
     189
     152
     160
     178
     181
     147
     152
     174
     170
     162
     173
     166
     172
     144
     165
     177
     167
     159
     162
     163
     166
     178
     149
     158
     156
     172
     142
     172
     149
     153
     136
     161
     154
     137
     155
     151
     153
     144
     138
     155
     146
     140
     160
     135
     146
     141
     131
     133
     139
     154
     127
      99
     143
     152
     120
     146
     147
     115
     135
     130
     128
     128
     137
     139
     135
     135
     114
     143
     116
     137
     133
     119
     127
     122
     104
     118
     109
     124
     115
     126
     109
     111
     106
      92
      91
     118
     100
     106
     112
      95
     112
     103
     116
      97
     109
      97
      99
      96
     104
     109
      85
     105
      83
     102
     101
      84
      91
      87
      93
      93
      83
     109
      90
      98
      82
      77
     111
      92
      95
      90
      82
      86
      92
      91
      82
      94
      67
      81
      88
      93
      81
      86
      81
      89
      89
      72
      91
      81
      82
      85
      80
     110
      78
      82
      83
      69
      85
      77
      83
      91
     101
      84
      89
      91
      65
      90
      79
      93
      89
      89
      64
      86
      84
      93
      88
      76
      87
      84
      88
      85
      84
      81
      74
      83
      87
      91
      88
      93
      77
      82
     100
      76
      76
      59
      86
      70
      89
      72
       0
       0
       0
       0
       0
       0
       0
       0
       0
       0
       0
       0
       0
       0
       0
       0
       0
       0
       0
       0
       0
       0
       0
       0
       0
       0
       0
       0
       0
       0
       0
       0
$ROI:
0
$PRESETS:
None
0
0
$ENER_FIT:
0.000000 2.049532
$MCA_CAL:
3
0.000000E+000 2.049532E+000 0.000000E+000 keV
$SHAPE_CAL:
3
0.000000E+000 0.000000E+000 0.000000E+000
