$SPEC_ID:
Recoil
$SPEC_REM:
DET# 2
DETDESC# JLAB-11 MCB 134
AP# Maestro Version 7.01
$DATE_MEA:
03/12/2026 09:28:06
$MEAS_TIM:
173 176
$DATA:
0 2047
       0
       0
       0
       0
       0
       0
       0
       0
       0
       0
       0
       0
       0
       0
       0
       0
       0
       0
       0
       0
       0
       0
       0
       0
       0
       0
       0
       0
       0
       0
       0
       0
       0
       0
       0
       0
       0
       0
       0
       0
       0
       0
       0
       0
       0
       0
       0
       0
       0
       0
       0
       0
       0
       0
       0
       0
       0
       0
       0
       0
       0
       0
       0
       0
       0
       0
       0
       0
       0
       0
       0
       0
       0
       0
       3
     393
     518
     584
     693
     769
     812
     980
    1124
    1204
    1487
    1580
    1852
    1967
    2195
    2256
    2545
    2614
    2826
    2909
    3053
    3187
    2937
    2934
    2899
    2800
    2696
    2581
    2267
    2234
    1954
    1683
    1564
    1345
    1168
    1041
     904
     795
     690
     548
     526
     474
     375
     358
     290
     264
     235
     203
     165
     176
     147
     149
     135
     131
     126
     127
     131
     134
     129
     120
     106
     120
     129
     162
     145
     142
     154
     163
     147
     158
     153
     165
     185
     170
     183
     166
     179
     169
     194
     197
     194
     206
     211
     180
     180
     210
     218
     189
     214
     209
     194
     178
     219
     196
     205
     188
     212
     197
     173
     204
     179
     197
     174
     156
     187
     195
     193
     188
     171
     192
     203
     191
     187
     190
     185
     201
     204
     216
     224
     202
     221
     236
     228
     243
     247
     273
     253
     237
     272
     260
     237
     276
     276
     305
     264
     267
     264
     258
     319
     297
     304
     336
     331
     356
     367
     354
     353
     357
     365
     420
     409
     412
     434
     512
     457
     486
     510
     567
     531
     551
     625
     651
     625
     646
     717
     681
     760
     754
     802
     791
     784
     828
     804
     765
     849
     821
     812
     785
     803
     780
     720
     709
     639
     637
     614
     550
     529
     521
     486
     471
     420
     353
     349
     338
     309
     288
     255
     224
     215
     193
     206
     173
     153
     181
     162
     161
     152
     141
     114
     134
     149
     141
     120
     123
     117
     127
     113
     131
     118
     126
     117
     120
     112
     118
     121
     126
      89
     128
     117
     142
     130
     131
     130
     135
     134
     143
     133
     140
     134
     123
     126
     140
     128
     143
     125
     134
     125
     131
     138
     147
     155
     143
     137
     152
     119
     143
     153
     133
     140
     137
     159
     153
     133
     145
     136
     136
     148
     138
     125
     146
     147
     155
     140
     143
     122
     137
     130
     150
     135
     139
     129
     126
     118
     135
     140
     149
     136
     143
     124
     138
     128
     146
     130
     139
     144
     128
     145
     128
     136
     145
     131
     139
     136
     129
     136
     138
     113
     134
     125
     153
     149
     133
     139
     134
     144
     139
     140
     136
     126
     140
     124
     164
     158
     125
     149
     148
     136
     121
     148
     136
     146
     147
     143
     138
     149
     135
     145
     150
     121
     172
     127
     136
     143
     153
     143
     135
     133
     156
     150
     179
     173
     167
     149
     153
     140
     133
     180
     165
     142
     128
     164
     166
     165
     175
     148
     149
     151
     146
     173
     151
     161
     155
     159
     198
     166
     192
     169
     197
     168
     169
     173
     171
     184
     148
     167
     178
     173
     161
     153
     187
     178
     179
     174
     192
     170
     187
     154
     182
     174
     155
     178
     162
     166
     151
     170
     173
     162
     151
     186
     164
     152
     178
     152
     148
     155
     167
     181
     181
     166
     168
     139
     160
     135
     138
     173
     149
     171
     142
     140
     155
     151
     150
     160
     177
     157
     115
     138
     176
     149
     140
     155
     152
     171
     163
     153
     139
     171
     130
     127
     154
     124
     134
     136
     134
     144
     159
     150
     145
     161
     125
     142
     134
     160
     142
     150
     119
     161
     155
     156
     141
     143
     139
     149
     123
     167
     139
     137
     135
     134
     142
     142
     136
     130
     115
     138
     134
     132
     140
     125
     123
     142
     127
     126
     140
     131
     127
     140
     132
     115
     116
     126
     146
     137
     109
     124
     145
     128
     143
     133
     116
     124
     111
     129
     125
     119
     132
     125
     129
     110
     120
     115
     110
     116
     101
     104
     112
     116
     111
     118
     108
     106
     109
     116
     117
     118
     112
     104
     113
     133
     111
      94
     107
     123
     107
     114
     105
     111
      93
     106
     111
      94
     109
     105
      84
     108
      83
      93
      98
      93
      99
     106
     106
     116
      89
      88
      93
      96
     104
     103
     107
     107
      78
      98
      95
     111
      94
     103
      91
     106
      77
      74
      84
      94
      94
      99
      89
     109
      83
      95
     105
      78
     104
      78
      97
     111
      94
      85
      84
      90
      97
      63
      79
      85
      87
      97
      87
      76
     102
      83
      90
     105
      84
      74
      90
      80
      77
      91
      94
      75
      65
      83
     101
      86
      72
      83
      82
      72
      69
      68
      83
      84
     103
      91
      74
      76
      78
      84
      93
      74
      85
      76
      74
      84
      90
      86
      72
      95
      82
      82
      91
      85
      87
      68
      95
      83
      89
      83
      72
      81
      77
      88
      77
     106
     100
      89
      90
      81
      90
      90
      83
      85
      84
     105
     114
      84
      78
     108
     122
      91
      92
      97
     102
      95
      92
     108
      98
      85
     110
     116
      93
     107
     101
      96
     122
     110
     100
     111
     100
     118
     112
      92
     128
     106
      93
     121
     131
     116
     122
     133
     111
     125
     118
     117
     127
     135
     123
     114
     118
     123
     130
     115
     119
     107
     124
     116
     120
     129
     130
     131
     111
     135
     110
     129
     146
     154
     137
     145
     135
     126
     121
     133
     133
     124
     140
     118
     148
     138
     150
     127
     136
     159
     135
     131
     134
     140
     149
     141
     154
     140
     152
     136
     150
     134
     150
     170
     168
     160
     153
     153
     174
     152
     172
     147
     171
     156
     164
     133
     170
     141
     128
     158
     142
     145
     150
     162
     153
     186
     164
     165
     165
     143
     165
     131
     159
     156
     162
     154
     173
     144
     120
     130
     146
     134
     159
     133
     155
     144
     135
     127
     146
     130
     134
     124
     112
     134
     134
     127
     140
     126
     106
     124
     130
     140
     107
     128
     129
     116
      95
     117
     111
      93
     108
     100
     106
     123
      96
      97
      89
     118
      90
     101
     104
     100
      93
     113
      97
     108
     105
     113
      97
     114
     103
     103
      88
     121
     113
     102
     105
     103
     123
     100
     111
     121
     117
     120
     113
     120
     121
     131
     128
     136
     144
     142
     144
     145
     154
     174
     129
     171
     164
     133
     174
     195
     200
     193
     178
     204
     201
     181
     182
     209
     161
     220
     236
     212
     215
     224
     225
     228
     244
     214
     279
     256
     259
     243
     256
     257
     275
     253
     253
     279
     266
     250
     275
     257
     269
     307
     317
     292
     278
     315
     295
     287
     277
     294
     297
     278
     294
     283
     323
     300
     297
     319
     282
     288
     300
     288
     306
     325
     306
     295
     256
     317
     268
     257
     302
     266
     290
     280
     263
     254
     257
     263
     245
     275
     228
     260
     257
     230
     209
     230
     246
     223
     231
     222
     204
     198
     228
     202
     190
     220
     212
     189
     187
     185
     198
     178
     178
     182
     160
     157
     161
     154
     158
     150
     131
     162
     141
     142
     146
     145
     125
     140
     134
     136
     136
     124
     134
     127
     104
     121
      96
     114
     111
     108
     102
     120
      95
      94
      80
     100
      79
      96
      94
      91
      88
      81
     102
      81
      85
      90
      71
      69
      74
      71
      66
      70
      71
      69
      56
      54
      57
      71
      74
      65
      70
      67
      68
      53
      72
      58
      57
      59
      56
      67
      51
      64
      57
      50
      67
      48
      51
      47
      59
      54
      52
      36
      56
      40
      47
      54
      34
      45
      42
      45
      41
      35
      50
      35
      37
      44
      37
      47
      49
      38
      40
      47
      32
      32
      30
      41
      27
      33
      31
      44
      35
      33
      40
      23
      29
      39
      45
      34
      31
      39
      33
      31
      21
      39
      20
      30
      35
      32
      37
      34
      32
      27
      26
      26
      34
      26
      22
      38
      32
      33
      31
      31
      39
      29
      39
      32
      28
      42
      36
      27
      34
      31
      24
      36
      33
      33
      28
      17
      22
      35
      31
      32
      24
      32
      29
      40
      35
      26
      20
      33
      19
      30
      32
      34
      33
      30
      32
      31
      27
      33
      23
      22
      27
      23
      26
      31
      23
      26
      25
      29
      28
      25
      20
      36
      22
      17
      31
      32
      20
      19
      26
      24
      38
      34
      15
      29
      34
      24
      22
      22
      26
      25
      19
      21
      22
      28
      27
      24
      23
      17
      16
      11
      18
      21
      20
      21
      27
      15
      21
      19
      21
      17
      20
      19
      24
      19
      22
      14
      18
      29
      20
      26
      15
      25
      22
      19
      11
      26
       9
      15
      26
      17
      20
      15
      19
      13
      20
      17
      18
      19
      18
      24
      16
      10
      23
      21
      20
      17
      12
      17
      11
      14
      14
      14
      13
      13
      14
      14
      17
      13
      21
      14
      21
      24
      13
      13
      14
      12
      14
      12
      21
      12
      14
      15
      11
       9
      10
      10
      11
      15
       9
       8
       9
      15
      11
       8
      11
      12
       8
      13
      10
      15
      16
      19
      17
      11
       8
       9
      15
      11
      15
      16
      13
       9
      14
      14
      14
       8
      16
      10
      13
       5
      12
      12
      14
      10
       9
       7
      12
      10
      11
      11
       7
      11
       7
       8
       7
       8
      12
      11
      14
       9
      11
      15
      12
      10
      11
      10
      13
      13
      11
      10
      10
      13
      11
       7
      12
      15
      10
      10
      20
      10
      17
      11
       8
       6
       9
      14
      11
      19
       7
      13
      10
       7
       6
       8
       5
       9
       9
      12
      11
       5
      12
      10
      15
       7
      10
      14
       9
       8
       7
       8
       6
      12
      14
      12
       7
       8
       9
       9
      11
       8
      13
      10
      10
      10
       9
       9
      13
      10
       9
       9
      10
      10
       8
       6
      10
      13
       7
      12
      10
       9
       7
      11
       7
      15
      17
       9
      10
      13
       7
       7
      17
      10
      10
      11
       7
       8
       8
       4
      10
       8
       3
       9
      16
       7
      11
      19
       6
      11
       9
      14
      14
      12
      11
      11
      14
      10
      12
      12
       8
       9
      10
       4
      11
       8
       6
       8
      11
       6
       9
       4
       9
      11
      11
       7
      12
      15
       5
       9
      14
      10
      10
       6
      13
       8
      10
       5
      12
      10
       4
      13
       6
       4
       6
      11
       8
       5
      10
      11
       6
       6
      10
      10
      16
      10
      18
      11
       6
      13
      14
      13
       8
       6
      10
      10
       5
      13
       8
       8
       9
      10
      15
      10
       5
       6
      12
      11
      13
       8
      10
      15
      12
       7
       6
       9
       7
      15
      12
      12
      12
      13
      17
      18
      13
       8
      15
       9
      13
       8
      14
      16
      10
      14
       8
      17
      12
      11
      18
      13
      13
      26
       9
      13
      13
      19
      18
      13
      18
      18
      16
      13
      17
      10
      13
      15
      11
      12
      16
      10
      21
      21
      10
      17
      14
      24
      21
      22
      17
      18
      20
      16
      20
      19
      21
      15
      19
      26
      21
      16
      26
      23
      28
      27
      17
      21
      18
      22
      18
      20
      19
      20
      26
      27
      28
      28
      27
      23
      25
      42
      36
      33
      29
      32
      34
      43
      31
      37
      47
      27
      26
      41
      40
      42
      46
      43
      42
      38
      41
      45
      51
      38
      48
      44
      64
      65
      41
      54
      48
      59
      65
      48
      53
      60
      71
      57
      59
      58
      60
      62
      66
      75
      59
      68
      67
      78
      73
      84
      71
      77
      72
      72
      78
      74
      81
      79
     103
      88
      66
      80
      79
      93
      93
      94
     113
     113
      98
     102
      85
      98
     105
     108
      94
     117
     100
      87
      86
     113
     113
      98
     112
     117
     101
     102
     115
     136
     126
     111
     117
     134
     106
     119
     146
     112
     132
     122
     121
     144
     139
     121
     133
     147
     142
     144
     148
     149
     134
     147
     133
     119
     125
     152
     134
     137
     145
     135
     152
     151
     114
     114
     132
     125
     133
     132
     137
     136
     143
     130
     145
     126
     127
     117
     118
     138
     108
     136
     134
     144
     112
     110
     143
     116
     119
     128
     117
     126
     120
     124
     103
     101
     116
     103
     118
     126
     118
      92
     119
     106
     105
      93
     106
      98
      99
      94
      93
      88
      84
      91
      84
      82
      68
      76
      93
      83
      62
      79
      78
      76
      78
      75
      70
      63
      76
      63
      54
      58
      56
      52
      58
      44
      52
      41
      58
      53
      59
      56
      50
      51
      51
      53
      35
      35
      37
      54
      36
      25
      23
      38
      31
      33
      36
      31
      43
      20
      28
      14
      29
      21
      20
      18
      29
      27
      23
      17
      17
      32
      20
      22
      13
      12
      20
      23
      14
      17
      17
      20
      15
      13
      15
      10
      12
      15
      12
      13
       7
       9
       9
       8
      10
      12
       8
       8
       7
       8
      10
       6
       6
       5
       7
       7
      11
       5
       3
       3
       5
       8
       5
       8
       1
       8
      10
       4
       9
       8
       4
       5
       6
       5
       5
       4
       3
       4
       4
       2
       4
       2
       7
       3
       3
       0
       2
       5
       8
       4
       3
       1
       5
       4
       2
       2
       2
       5
       5
       4
       2
       2
       2
       2
       5
       4
       3
       2
       1
       3
       1
       5
       2
       4
       1
       1
       2
       2
       6
       2
       4
       2
       0
       2
       1
       2
       1
       4
       4
       1
       4
       3
       0
       0
       0
       0
       0
       0
       0
       0
       0
       0
       0
       0
       0
       0
       0
       0
       0
       0
       0
       0
       0
       0
       0
       0
       0
       0
       0
       0
       0
       0
       0
       0
       0
$ROI:
0
$PRESETS:
None
0
0
$ENER_FIT:
0.000000 2.049532
$MCA_CAL:
3
0.000000E+000 2.049532E+000 0.000000E+000 keV
$SHAPE_CAL:
3
0.000000E+000 0.000000E+000 0.000000E+000
