$SPEC_ID:
Scatter
$SPEC_REM:
DET# 1
DETDESC# JLAB-11 MCB 133
AP# Maestro Version 7.01
$DATE_MEA:
03/12/2026 09:24:06
$MEAS_TIM:
127 141
$DATA:
0 2047
       0
       0
       0
       0
       0
       0
       0
       0
       0
       0
       0
       0
       0
       0
       0
       0
       0
       0
       0
       0
       0
       0
       0
       0
       0
       0
       0
       0
       0
       0
       0
       0
       0
       0
       0
       0
       0
       0
       0
       0
       0
       0
       0
       0
       0
       0
       0
       0
       0
       0
       0
       0
       0
       0
       0
       0
       0
       0
       0
       0
       0
       0
       0
       0
       0
       0
       0
       0
       0
       0
       1
       9
     145
     415
     424
     433
     437
     458
     410
     397
     450
     406
     445
     449
     424
     403
     431
     448
     417
     455
     440
     383
     427
     428
     431
     421
     395
     452
     449
     420
     423
     440
     405
     404
     424
     430
     425
     441
     434
     433
     436
     414
     416
     416
     391
     415
     419
     437
     407
     415
     441
     409
     449
     431
     406
     416
     435
     417
     425
     441
     423
     435
     432
     434
     417
     466
     443
     442
     412
     402
     408
     437
     408
     412
     424
     417
     414
     432
     431
     420
     426
     419
     409
     418
     471
     479
     441
     428
     428
     440
     466
     442
     425
     416
     431
     444
     451
     430
     416
     405
     477
     462
     478
     463
     447
     399
     456
     449
     433
     456
     460
     471
     456
     474
     471
     471
     472
     445
     482
     441
     476
     431
     469
     475
     443
     456
     446
     483
     491
     467
     482
     474
     471
     485
     459
     465
     491
     482
     470
     478
     493
     503
     483
     476
     513
     484
     507
     501
     471
     474
     491
     526
     505
     510
     460
     465
     539
     499
     497
     510
     484
     487
     487
     479
     499
     521
     473
     511
     490
     468
     517
     465
     502
     497
     479
     500
     497
     527
     538
     538
     532
     488
     492
     519
     477
     509
     560
     462
     478
     500
     511
     516
     490
     523
     501
     490
     477
     522
     486
     509
     496
     537
     451
     509
     540
     527
     516
     529
     479
     564
     513
     523
     537
     509
     529
     524
     527
     520
     487
     536
     525
     528
     503
     548
     495
     522
     532
     533
     583
     550
     517
     490
     552
     561
     481
     516
     547
     582
     557
     538
     516
     577
     504
     562
     533
     552
     530
     553
     546
     534
     559
     544
     572
     578
     562
     554
     570
     606
     576
     554
     564
     567
     542
     582
     584
     589
     549
     586
     560
     571
     542
     600
     512
     537
     553
     580
     584
     601
     603
     549
     538
     624
     569
     561
     575
     602
     581
     638
     575
     607
     570
     561
     608
     603
     598
     602
     552
     576
     625
     603
     613
     611
     601
     521
     578
     554
     598
     587
     579
     562
     578
     602
     587
     595
     564
     620
     594
     539
     571
     624
     586
     582
     571
     575
     589
     610
     657
     590
     597
     555
     620
     573
     595
     601
     608
     590
     600
     553
     613
     641
     655
     595
     629
     576
     594
     594
     550
     588
     615
     582
     605
     636
     646
     633
     630
     599
     614
     563
     635
     622
     660
     584
     636
     635
     602
     632
     623
     663
     638
     613
     668
     666
     667
     671
     681
     669
     668
     649
     632
     698
     638
     695
     678
     727
     725
     650
     735
     761
     733
     739
     701
     716
     738
     712
     732
     717
     734
     684
     719
     711
     753
     743
     694
     774
     761
     765
     756
     792
     832
     820
     773
     795
     753
     725
     767
     771
     783
     718
     774
     799
     784
     768
     793
     751
     706
     782
     758
     712
     780
     746
     774
     745
     746
     735
     760
     808
     715
     757
     714
     767
     749
     731
     754
     735
     736
     714
     743
     755
     790
     745
     712
     719
     679
     739
     683
     757
     734
     684
     710
     724
     679
     664
     721
     733
     730
     704
     686
     677
     688
     700
     704
     711
     682
     760
     670
     651
     636
     693
     672
     654
     723
     737
     697
     699
     670
     686
     700
     650
     667
     644
     708
     642
     678
     714
     663
     722
     683
     735
     700
     644
     680
     730
     636
     667
     646
     718
     659
     672
     636
     693
     692
     675
     669
     653
     701
     662
     687
     673
     692
     707
     666
     675
     681
     618
     642
     663
     628
     631
     667
     627
     715
     637
     618
     642
     636
     667
     654
     695
     658
     621
     634
     672
     622
     611
     630
     656
     682
     636
     623
     628
     668
     595
     663
     656
     644
     645
     667
     676
     636
     612
     628
     625
     675
     644
     613
     601
     622
     638
     613
     602
     565
     594
     627
     653
     572
     647
     595
     610
     540
     608
     585
     640
     598
     616
     641
     611
     602
     556
     606
     601
     582
     608
     616
     571
     604
     613
     621
     537
     571
     581
     599
     602
     598
     554
     566
     567
     592
     598
     591
     634
     585
     550
     584
     557
     603
     576
     595
     554
     590
     621
     548
     591
     622
     589
     603
     552
     585
     559
     562
     547
     568
     592
     564
     558
     572
     579
     543
     548
     551
     557
     513
     602
     508
     554
     539
     547
     570
     556
     550
     576
     529
     563
     544
     589
     535
     539
     543
     547
     541
     564
     545
     526
     578
     558
     535
     535
     505
     519
     516
     542
     531
     567
     570
     537
     562
     540
     552
     548
     539
     549
     540
     520
     539
     525
     545
     501
     549
     561
     498
     517
     520
     512
     560
     526
     506
     499
     524
     535
     555
     503
     482
     544
     502
     545
     528
     503
     533
     500
     503
     500
     511
     540
     492
     527
     518
     508
     546
     565
     580
     520
     474
     544
     514
     516
     517
     509
     531
     535
     524
     479
     498
     544
     551
     532
     479
     496
     529
     497
     509
     504
     531
     531
     517
     470
     531
     552
     496
     457
     506
     489
     508
     515
     494
     466
     474
     487
     465
     458
     517
     452
     467
     474
     480
     426
     464
     459
     440
     481
     483
     458
     479
     479
     483
     438
     453
     499
     480
     465
     446
     431
     435
     423
     455
     457
     420
     442
     468
     450
     432
     421
     433
     407
     412
     444
     414
     418
     393
     388
     379
     379
     354
     374
     388
     384
     398
     406
     340
     378
     378
     337
     357
     405
     389
     366
     325
     336
     352
     381
     347
     331
     352
     330
     338
     302
     323
     357
     323
     365
     306
     332
     340
     335
     324
     310
     313
     318
     327
     291
     295
     322
     326
     289
     296
     266
     308
     296
     316
     332
     292
     304
     265
     290
     318
     304
     281
     285
     252
     281
     269
     264
     318
     253
     260
     285
     257
     295
     246
     286
     284
     276
     280
     275
     267
     266
     281
     232
     296
     273
     232
     238
     251
     249
     252
     242
     263
     253
     260
     255
     260
     270
     246
     264
     284
     247
     207
     269
     252
     243
     231
     217
     258
     260
     265
     271
     262
     244
     250
     232
     227
     239
     238
     243
     234
     227
     240
     222
     231
     208
     254
     204
     198
     217
     262
     230
     200
     266
     231
     234
     211
     222
     213
     243
     243
     245
     212
     236
     229
     195
     241
     223
     229
     204
     222
     219
     223
     215
     220
     197
     220
     203
     222
     201
     203
     205
     207
     216
     208
     199
     210
     199
     219
     201
     234
     221
     218
     238
     202
     208
     216
     199
     203
     204
     182
     224
     211
     214
     238
     161
     188
     202
     210
     196
     217
     209
     209
     224
     178
     220
     239
     236
     213
     180
     218
     206
     209
     180
     200
     219
     216
     202
     192
     192
     190
     227
     188
     191
     231
     232
     192
     226
     226
     229
     186
     218
     197
     191
     222
     196
     203
     208
     221
     221
     230
     203
     184
     219
     206
     208
     219
     199
     205
     198
     218
     226
     183
     222
     218
     212
     163
     183
     189
     200
     220
     198
     210
     197
     206
     209
     200
     200
     211
     183
     200
     196
     203
     218
     198
     194
     212
     201
     197
     222
     199
     200
     198
     217
     182
     210
     226
     216
     219
     185
     198
     193
     220
     193
     213
     225
     206
     215
     210
     211
     225
     228
     242
     222
     214
     213
     236
     198
     184
     244
     221
     200
     193
     221
     214
     217
     219
     216
     243
     213
     220
     220
     219
     224
     209
     234
     223
     233
     260
     233
     227
     213
     210
     225
     243
     209
     201
     238
     244
     259
     240
     218
     243
     251
     261
     289
     322
     272
     250
     296
     285
     270
     265
     272
     295
     320
     307
     297
     331
     307
     323
     337
     356
     367
     340
     377
     364
     377
     403
     393
     448
     388
     415
     455
     439
     437
     480
     494
     440
     490
     537
     512
     489
     594
     562
     523
     576
     629
     636
     650
     609
     684
     645
     704
     706
     710
     695
     732
     738
     751
     835
     823
     888
     841
     890
     908
     944
     950
     981
     989
    1067
    1038
    1040
    1155
    1137
    1123
    1166
    1132
    1173
    1245
    1173
    1295
    1284
    1274
    1380
    1404
    1372
    1407
    1387
    1490
    1467
    1550
    1564
    1554
    1606
    1626
    1598
    1701
    1637
    1776
    1823
    1758
    1774
    1831
    1775
    1866
    1880
    1844
    1949
    1942
    1944
    1907
    1917
    2030
    1999
    2019
    2018
    2063
    2083
    2174
    2156
    2141
    2199
    2127
    2222
    2204
    2225
    2152
    2129
    2285
    2244
    2241
    2259
    2222
    2219
    2233
    2191
    2213
    2234
    2222
    2300
    2207
    2258
    2301
    2228
    2231
    2208
    2170
    2061
    2271
    2129
    2061
    2064
    2102
    2032
    2112
    2017
    2086
    2037
    1916
    2038
    1906
    1961
    1997
    1876
    1848
    1790
    1840
    1770
    1772
    1806
    1791
    1665
    1630
    1576
    1603
    1524
    1561
    1482
    1424
    1466
    1465
    1377
    1389
    1329
    1396
    1278
    1243
    1210
    1174
    1169
    1132
    1087
    1053
    1061
    1037
    1007
    1009
     923
     984
     934
     861
     847
     811
     823
     719
     748
     720
     710
     639
     693
     610
     575
     592
     573
     515
     523
     548
     511
     482
     464
     444
     426
     453
     406
     374
     405
     364
     370
     316
     342
     318
     315
     302
     283
     287
     297
     261
     254
     215
     213
     236
     219
     202
     182
     196
     208
     195
     195
     180
     170
     152
     130
     168
     145
     150
     126
     154
     154
     129
     118
     140
     105
     119
     116
     136
     110
     136
     112
     103
     128
     112
     102
     100
     100
     115
      87
     117
     102
     103
     109
      86
     110
      73
      96
     114
     113
      91
      74
     103
      93
      77
      90
      91
      95
     108
      90
      94
      98
      91
     103
      84
      91
     105
      81
      89
     113
     111
      95
     104
      88
      87
     102
     111
     104
      91
     105
      98
     103
     106
      86
      77
      80
      85
      92
      85
      83
      86
      93
      81
     106
      86
      93
      99
      92
      80
      98
      86
      96
      89
      91
      87
     106
      72
      99
      86
      87
      75
      99
      87
      89
      74
      78
      99
      86
      92
     111
      85
      81
      87
      91
      96
      98
      72
      88
      79
      81
      89
      84
      92
     100
      92
      78
      83
      98
      84
     100
      95
      80
      85
     100
      84
      95
      89
      88
     103
     109
      89
      98
      66
      79
      90
      86
      90
      78
      99
      87
      91
      89
      71
      80
      91
      98
      94
      88
     100
      77
      85
      96
      94
      89
      95
      82
      86
      83
      94
      92
      73
      86
     100
      84
      90
      84
      85
      87
      88
      81
      91
      79
      92
      84
      84
     103
      88
      91
      79
      83
      66
      74
      78
      89
      95
      90
      85
      87
      82
     103
     108
      81
      97
      99
      68
      77
      98
      97
      83
      87
     102
      80
      84
      86
      74
      80
      88
      89
      81
      80
      81
      87
      71
      81
      81
      73
      71
      99
     106
      75
      96
      96
      85
      78
      80
      78
      67
      76
      81
      87
      93
      77
      75
      75
      84
      75
      84
      78
      86
      81
      85
      93
      93
      80
      83
     111
      94
      91
     102
      96
      67
      90
      95
      78
      93
      96
      85
      97
      90
      91
      93
      90
      77
     104
      85
      83
      92
      93
      74
      68
     104
      81
      89
      79
      91
      87
      80
      83
     108
      79
     100
      89
      97
      79
      83
      78
      91
      94
      84
      82
      93
      82
      89
      83
      87
      84
      79
      94
      83
      67
     101
      94
      75
      89
      80
      88
      90
      77
      71
     106
      79
      75
      92
      89
      79
     102
      98
      95
      96
      84
      82
      78
      69
      83
      91
      90
      81
      80
      65
      95
      81
      86
      91
      88
      84
      88
      98
      71
      69
      77
      91
      68
      80
      84
      74
      79
      85
      93
      84
      88
      90
      83
      73
      88
     102
      91
      72
      82
      91
     108
      92
      76
      77
      97
      79
      94
     101
      91
      81
      80
      73
      69
      80
      81
      96
      76
     107
      84
      88
      71
      83
      72
      92
      96
      72
      81
      80
      91
      87
      89
      69
      78
      74
     101
      97
      92
      81
      93
      83
      99
      84
      78
      88
      80
      78
      90
      58
      85
      83
      86
      77
      59
      92
      65
      63
      95
      81
      91
      71
      71
      68
      84
      93
      88
      83
      96
      91
      81
      93
      80
      76
      70
      76
      71
      76
      78
      79
      92
      91
      94
      61
      77
      95
      82
      85
      84
      87
      75
      91
      87
      98
      76
      84
      79
      84
      69
      79
      92
      80
      81
      75
      77
      85
      87
      91
      68
      81
      85
      70
      91
      90
      90
      83
      68
      88
      72
      78
      89
      87
      76
      89
      93
      74
      87
      77
      83
      80
      94
      66
      82
      92
      75
      80
      89
      91
      73
      89
      96
      81
      82
      85
      86
      90
      75
      74
      86
      93
      91
      58
     100
      89
      74
      74
      93
      70
      81
      81
      95
      96
      86
      82
      73
      72
      82
      91
      80
      69
      82
      85
      76
      97
      85
      84
      99
      91
      83
      92
      88
      87
      83
      81
      82
      68
      83
      93
      83
      95
     102
      79
      80
      82
      88
      90
      80
      78
      77
      83
     115
      68
      78
      74
      80
      85
     111
      80
      72
      70
       0
       0
       0
       0
       0
       0
       0
       0
       0
       0
       0
       0
       0
       0
       0
       0
       0
       0
       0
       0
       0
       0
       0
       0
       0
       0
       0
       0
       0
       0
       0
       0
$ROI:
0
$PRESETS:
None
0
0
$ENER_FIT:
0.000000 2.049536
$MCA_CAL:
3
0.000000E+000 2.049536E+000 0.000000E+000 keV
$SHAPE_CAL:
3
0.000000E+000 0.000000E+000 0.000000E+000
