$SPEC_ID:
Scatter
$SPEC_REM:
DET# 1
DETDESC# JLAB-11 MCB 133
AP# Maestro Version 7.01
$DATE_MEA:
03/12/2026 09:28:07
$MEAS_TIM:
171 173
$DATA:
0 2047
       0
       0
       0
       0
       0
       0
       0
       0
       0
       0
       0
       0
       0
       0
       0
       0
       0
       0
       0
       0
       0
       0
       0
       0
       0
       0
       0
       0
       0
       0
       0
       0
       0
       0
       0
       0
       0
       0
       0
       0
       0
       0
       0
       0
       0
       0
       0
       0
       0
       0
       0
       0
       0
       0
       0
       0
       0
       0
       0
       0
       0
       0
       0
       0
       0
       0
       0
       0
       0
       0
       0
       0
     287
     958
    1074
    1118
    1351
    1422
    1527
    1554
    1764
    1826
    1970
    2014
    2140
    2135
    2181
    2289
    2281
    2309
    2229
    2279
    2258
    2199
    2202
    2071
    2128
    1956
    1888
    1755
    1634
    1514
    1396
    1270
    1127
    1035
     908
     848
     748
     713
     572
     513
     453
     359
     324
     298
     279
     247
     212
     200
     186
     178
     144
     147
     138
     130
     150
     137
     127
     131
     142
     117
     154
     138
     160
     148
     126
     154
     171
     187
     200
     174
     188
     153
     194
     179
     179
     199
     189
     202
     218
     215
     189
     203
     177
     204
     207
     203
     199
     184
     198
     192
     198
     179
     217
     187
     212
     191
     237
     190
     213
     214
     230
     186
     213
     215
     200
     205
     201
     215
     224
     206
     217
     225
     223
     225
     229
     211
     240
     231
     279
     225
     250
     265
     259
     281
     277
     278
     260
     295
     314
     332
     331
     354
     369
     381
     398
     429
     428
     474
     503
     514
     539
     552
     570
     651
     640
     722
     749
     717
     805
     758
     800
     844
     811
     891
     910
     919
     837
     931
     937
     943
     909
     898
     932
     858
     883
     858
     854
     788
     767
     737
     716
     711
     650
     627
     593
     552
     548
     559
     471
     455
     427
     389
     380
     327
     329
     296
     286
     241
     247
     217
     235
     217
     184
     168
     170
     194
     145
     167
     142
     166
     133
     118
     126
     106
     152
     128
     132
     116
     113
     129
     106
     127
     110
      97
     117
     124
     113
     120
     111
     112
      99
     137
     116
     127
     131
     116
     117
     121
     125
     126
     120
     122
     113
     127
     118
     132
     123
     137
     116
     123
     119
     127
     117
     131
     132
     133
     123
     142
     122
     150
     147
     130
     113
     154
     117
     122
     122
     128
     123
     131
     126
     123
     137
     134
     123
     135
     126
     137
     125
     128
     115
     116
     130
     137
     119
     129
     113
     131
     124
     110
     121
     135
     119
     112
     112
     129
     122
     123
     126
     149
     130
     143
     139
     155
     142
     130
     114
     119
     136
     139
     127
     141
     145
     146
     130
     118
     121
     136
     153
     137
     151
     130
     135
     145
     138
     141
     153
     133
     139
     152
     148
     145
     145
     147
     145
     138
     136
     142
     170
     158
     146
     167
     158
     152
     151
     163
     165
     168
     143
     152
     144
     139
     144
     156
     137
     166
     154
     137
     177
     152
     149
     161
     169
     148
     150
     133
     165
     160
     173
     181
     139
     144
     178
     150
     157
     141
     166
     187
     161
     134
     153
     139
     146
     160
     126
     146
     121
     133
     151
     138
     154
     152
     150
     126
     153
     140
     156
     137
     135
     125
     125
     133
     138
     131
     136
     119
     164
     119
     113
     120
     121
     130
     133
     159
     123
     118
     157
     125
     136
     121
     132
     127
     112
     123
     135
     140
     127
     100
     129
     117
     134
     130
     127
     114
     105
     104
     114
     128
     107
     132
     118
     128
     127
     135
     132
     130
     117
      98
     116
     109
     131
     115
     120
     122
     123
     114
     114
     109
     114
     119
     107
     123
     118
     100
     120
     104
     107
     109
      84
     103
     103
     117
     107
     114
      97
     106
     113
     121
      90
      89
      92
      95
     106
     104
     104
     108
     109
     104
      93
      97
     119
     109
      78
      97
      79
      81
      91
     109
      83
      98
      99
      93
      89
      83
      90
      86
      86
      86
      90
      89
      93
      81
      95
      92
      97
      83
      87
      91
      87
      96
      82
      77
      89
      79
      85
      78
      78
      94
      73
      82
      79
      96
      77
      86
      95
      86
      75
      80
      63
      83
      77
      71
      87
      70
      74
      95
      86
      71
      91
      77
      76
      83
      73
      64
      74
      85
      85
      74
      55
      68
      86
      83
      74
      88
      70
      72
      53
      66
      74
      72
      56
      67
      67
      80
      59
      62
      69
      56
      56
      59
      79
      81
      67
      60
      80
      57
      74
      55
      69
      74
      69
      55
      59
      49
      74
      52
      57
      64
      62
      65
      61
      64
      58
      75
      50
      51
      62
      73
      70
      63
      68
      68
      55
      57
      64
      47
      66
      67
      65
      67
      68
      66
      80
      59
      68
      59
      72
      61
      65
      86
      61
      86
      93
      85
      88
      90
      75
      89
      85
      83
      72
      84
      93
      77
     100
      75
      91
     101
      96
      83
      78
      95
     114
     117
     104
      98
     105
     103
     107
      99
     112
      96
     106
      88
     120
      96
     131
     123
     112
     117
     140
     109
     106
     122
     111
     131
     115
     111
     130
     114
     151
     119
     139
     129
     128
     135
     123
     108
     127
     125
     122
     122
     132
     133
     144
     140
     140
     134
     142
     126
     117
     135
     134
     157
     160
     128
     144
     129
     134
     146
     142
     135
     158
     151
     151
     158
     171
     157
     147
     158
     159
     162
     147
     154
     152
     157
     162
     174
     170
     189
     182
     168
     175
     186
     166
     167
     156
     160
     162
     171
     177
     159
     156
     169
     175
     145
     160
     150
     136
     145
     155
     144
     125
     134
     152
     136
     150
     146
     147
     140
     126
     144
     111
     130
     121
     118
     125
     135
     123
     120
      97
     111
     110
     128
     100
     123
     108
     103
     105
      93
      84
      95
     101
     101
      79
      93
      95
      84
      86
      98
      84
      81
      85
     102
      88
      82
      86
      98
      88
      85
     104
      91
     102
      87
      77
     100
      71
     103
     115
     124
     111
     106
     106
     124
     129
     129
     133
     125
     140
     144
     157
     171
     165
     178
     180
     167
     189
     188
     203
     197
     189
     221
     203
     222
     210
     234
     203
     245
     246
     239
     270
     251
     278
     268
     282
     288
     275
     258
     279
     288
     309
     312
     334
     309
     295
     310
     305
     324
     331
     286
     342
     329
     357
     324
     372
     348
     367
     350
     358
     364
     360
     365
     364
     349
     358
     328
     349
     357
     350
     372
     332
     344
     366
     347
     323
     348
     357
     331
     321
     311
     326
     335
     316
     315
     337
     305
     291
     324
     282
     317
     285
     263
     266
     285
     289
     274
     265
     255
     274
     281
     265
     264
     251
     235
     250
     221
     232
     244
     184
     231
     207
     191
     180
     178
     175
     165
     166
     173
     151
     131
     149
     149
     144
     144
     164
     129
     115
     130
     122
     117
     128
     121
      86
     112
     101
      97
     105
     106
     116
      77
      90
      87
      88
      76
      87
      84
      90
      85
      66
      81
      62
      61
      82
      69
      67
      75
      58
      58
      55
      43
      45
      57
      55
      56
      53
      43
      48
      43
      41
      39
      44
      47
      43
      50
      42
      35
      40
      31
      37
      35
      34
      42
      36
      46
      34
      26
      16
      32
      22
      43
      30
      27
      25
      32
      28
      26
      18
      24
      15
      25
      22
      18
      21
      32
      33
      16
      18
      17
      19
      23
      19
      12
      12
      16
      17
      15
      12
      12
      15
      12
      13
      17
      12
       8
       9
      11
      15
      12
      10
      17
      14
       9
      15
      10
      19
      12
       9
      10
      13
      10
      13
       5
      11
      15
      15
      11
      12
      12
      10
       6
      14
      17
      10
       8
      16
      11
       8
      13
       9
       8
       5
       6
      14
       8
      11
      11
      10
       7
       6
       3
      14
       9
       6
       7
      10
       9
      18
      11
       7
      14
      12
      12
      14
      16
      13
       8
       8
       5
       9
       8
       8
       8
       6
      10
       5
      14
       5
       6
      15
       6
      15
       9
      13
      16
       9
      15
      14
       8
       9
       8
      10
       5
       3
       9
       6
      12
       7
      10
       5
      14
       9
       8
      11
       8
       7
      14
      10
      12
       9
       6
       6
       8
       2
       5
      10
       4
       8
       5
       4
      10
      13
       9
      11
      11
       9
      10
       5
      10
       8
      14
       7
       7
       7
      10
       7
       6
       9
       4
      10
       1
       4
       8
       3
      10
       7
       5
       3
       8
       8
       3
       9
       7
       8
       6
       3
       6
       4
       4
       7
       8
       2
       8
       6
      12
       8
      12
       4
       4
       9
       6
       2
       9
       6
       7
       3
       8
       7
       2
       7
       6
       8
       4
       7
       7
       1
       7
       6
       9
       7
       7
       7
      11
       8
      11
       6
       2
       2
       7
       4
       7
       9
       4
       2
       6
       7
       4
       2
       7
       2
       3
       4
       6
      10
       5
       4
       6
       6
       5
      12
       3
       8
       5
       7
       5
       6
       6
       5
       7
       6
       4
       3
       4
       2
       6
       2
       7
       2
      11
       1
       8
       3
       3
       3
       3
       1
       9
       4
       3
       4
       2
       7
       4
       6
       6
       7
       6
       5
       5
       5
       5
       6
       7
       4
       3
       1
       8
       6
       8
       3
       4
       5
       5
       2
       6
       3
       4
       5
       3
       2
       7
       7
       6
       4
       9
       1
       5
       3
       2
       6
       2
       5
       8
       4
       3
      10
       7
       2
       3
       0
       4
       6
       5
       4
       0
       3
       4
       6
       4
       2
       6
       3
       5
       6
       5
       8
       8
       4
       4
       8
       6
       6
       3
       5
       5
       5
       6
       4
       7
       6
       3
       5
       5
       6
       4
       5
       8
       8
       4
       6
       1
       5
       4
       5
       4
       1
       6
       2
       4
       6
       7
       9
       7
       6
       9
       8
       6
       8
       3
       4
       7
       4
       5
       1
       5
       4
       6
       5
       2
       8
       2
       6
       4
       2
       6
       3
       2
       7
       3
       6
       3
      10
       8
      11
       6
      10
       5
       4
       6
       2
       1
       6
       7
       5
       6
       5
       4
       7
       5
       2
       8
       6
       6
       6
       4
       6
       3
       4
       9
       5
       2
       4
       4
       4
       7
       6
       3
       8
       7
      10
       5
       2
       6
       3
       4
       1
       4
       5
       5
       1
       5
       3
       2
       3
       3
       4
       7
       5
      11
       3
       7
       6
       3
       6
       5
       7
       7
       7
       7
       5
       6
       4
       1
       7
       3
       3
      14
      10
       6
       7
       2
       1
       4
       4
       3
       7
       4
       5
       5
       3
       8
       4
       5
       3
      10
       8
       5
       4
       4
       4
       6
       6
       5
       3
       4
       6
      11
       5
       9
       7
       5
       7
       4
       4
       3
       2
       4
       6
       6
       9
       9
       2
       4
       8
       4
       4
       4
       3
       4
       6
       6
       6
       3
       6
       8
       4
       6
       2
       7
       2
       4
       6
       5
       5
       4
       3
       2
       2
       4
       3
       5
       2
       3
       9
       4
       4
       5
       5
       3
       2
       8
       6
       5
       5
       3
       3
       2
       6
       8
      10
       5
       6
       2
       4
       5
       2
       2
       8
       4
       4
       6
       5
       5
       7
       7
       4
       6
       3
       2
       4
       7
       5
       3
       4
       4
       6
       6
       3
       4
       4
       7
       3
       3
       3
       3
       3
       2
       1
       4
       3
       3
       3
       6
       7
       4
       1
       4
       3
       8
       4
       3
       2
       2
       1
       7
       1
       3
       2
       2
       3
       2
       4
       1
       3
       2
       4
       3
       3
       2
       8
       2
       5
       6
       3
       4
       5
       1
       5
       4
       2
       6
       4
       5
       1
       4
       4
       3
       4
       4
       3
       3
       2
       2
       4
       4
       3
       3
       4
       3
       3
       2
       6
       2
       3
       3
       1
       1
       4
       5
       1
       7
       2
       2
       4
       3
       4
       3
       1
       2
       2
       4
       2
       3
       2
       2
       1
       0
       0
       3
       3
       4
       4
       6
       2
       3
       3
       1
       4
       3
       2
       2
       4
       0
       4
       1
       4
       6
       3
       2
       4
       3
       0
       1
       2
       2
       0
       6
       0
       0
       1
       3
       2
       0
       2
       3
       1
       3
       2
       4
       2
       1
       0
       2
       4
       2
       1
       3
       5
       1
       1
       3
       5
       3
       1
       4
       2
       3
       0
       3
       2
       3
       2
       2
       3
       1
       3
       5
       3
       1
       3
       1
       4
       0
       0
       2
       2
       1
       4
       2
       1
       2
       1
       0
       5
       2
       3
       0
       1
       1
       5
       2
       2
       2
       3
       1
       2
       1
       1
       1
       4
       0
       4
       3
       3
       2
       1
       0
       2
       3
       3
       1
       2
       0
       0
       3
       2
       3
       0
       4
       3
       1
       3
       1
       5
       1
       5
       4
       1
       3
       3
       7
       2
       1
       1
       3
       3
       2
       0
       2
       0
       1
       3
       0
       1
       2
       2
       0
       1
       3
       5
       2
       5
       2
       3
       1
       2
       3
       3
       0
       3
       2
       0
       3
       0
       5
       1
       0
       7
       2
       1
       2
       5
       0
       3
       2
       3
       4
       0
       1
       2
       4
       1
       1
       1
       3
       0
       0
       2
       0
       0
       4
       1
       3
       3
       1
       1
       2
       2
       0
       3
       1
       1
       4
       4
       3
       2
       5
       3
       2
       1
       0
       2
       1
       3
       1
       0
       3
       2
       1
       4
       0
       1
       2
       1
       4
       3
       2
       2
       2
       1
       4
       2
       1
       1
       1
       1
       2
       1
       3
       1
       4
       3
       0
       1
       2
       0
       0
       0
       0
       0
       0
       0
       0
       0
       0
       0
       0
       0
       0
       0
       0
       0
       0
       0
       0
       0
       0
       0
       0
       0
       0
       0
       0
       0
       0
       0
       0
$ROI:
0
$PRESETS:
None
0
0
$ENER_FIT:
0.000000 2.049536
$MCA_CAL:
3
0.000000E+000 2.049536E+000 0.000000E+000 keV
$SHAPE_CAL:
3
0.000000E+000 0.000000E+000 0.000000E+000
