$SPEC_ID:
Recoil
$SPEC_REM:
DET# 2
DETDESC# JLAB-11 MCB 134
AP# Maestro Version 7.01
$DATE_MEA:
03/05/2026 12:01:51
$MEAS_TIM:
1364 1428
$DATA:
0 2047
       0
       0
       0
       0
       0
       0
       0
       0
       0
       0
       0
       0
       0
       0
       0
       0
       0
       0
       0
       0
       0
       0
       0
       0
       0
       0
       0
       0
       0
       0
       0
       0
       0
       0
       0
       0
       0
       0
       0
       0
       0
       0
       0
       0
       0
       0
       0
       0
       0
       0
       0
       0
       0
       0
       0
       0
       0
       0
       0
       0
       0
       0
       0
       0
       0
       0
       0
       0
       0
       0
       0
       0
       0
       0
       0
       0
       0
       0
       0
       0
       0
       0
       0
       0
       0
       0
       0
       0
       0
       0
       0
       0
       0
       0
       0
       0
       0
       0
       0
       0
       0
       0
       0
       0
       0
       0
       0
       0
       0
       0
       0
       0
       0
       0
       0
       0
       0
       0
       0
       0
       0
       0
       0
       0
       0
       0
       0
       0
       0
       0
       0
       0
       0
       0
       0
       0
       0
       0
       0
       0
       0
       0
       0
       0
       0
       0
       0
       0
       0
       0
       0
       0
       0
       0
       0
       0
       0
       0
       0
       0
       0
       0
       0
       0
       0
       0
       0
       0
       0
       0
       0
       0
       0
       0
       0
       0
       0
       0
       0
       0
       0
       0
       0
       0
       0
       0
       0
       0
       0
       0
       0
       0
       0
       0
       0
       0
       0
       0
       0
       0
       0
       0
       0
       0
       0
       0
       0
       0
       0
       0
       0
       0
       0
       0
       0
       0
       0
       0
       0
       0
       0
       0
       0
       0
       0
       0
       0
       0
       0
       0
       0
       0
       0
       0
       0
       0
       0
       0
       0
       0
       0
       0
       0
       0
       0
       0
       0
       0
       0
       0
       0
       0
       0
       0
       0
       0
       0
       0
       0
       0
       0
       0
       0
       0
       0
       0
       0
       0
       0
       0
       0
       0
       0
       0
       0
       0
       0
       0
       0
       0
       0
       0
       0
       0
       0
       0
       0
       0
       0
       0
       0
       0
       0
       0
       0
       0
       0
       0
       0
       0
       0
       0
       0
       0
       0
       0
       0
       0
       0
       0
       0
       0
       0
       0
       0
       0
       0
       0
       0
       0
       0
       1
       0
       0
       0
       2
       0
       0
       0
       2
       0
       0
       0
       1
       0
       0
       2
       0
       2
       0
       0
       0
       1
       0
       0
       1
       0
       0
       2
       0
       1
       2
       1
       1
       0
       0
       1
       1
       2
       1
       2
       1
       1
       0
       1
       2
       2
       1
       1
       1
       1
       3
       1
       1
       1
       1
       0
       2
       3
       0
       1
       2
       1
       1
       2
       2
       4
       1
       1
       4
       1
       3
       0
       2
       0
       1
       2
       2
       1
       3
       0
       1
       2
       2
       1
       1
       0
       1
       2
       0
       0
       3
       0
       0
       3
       0
       1
       0
       0
       3
       0
       0
       1
       2
       0
       1
       2
       0
       2
       1
       2
       2
       2
       4
       5
       1
       0
       1
       2
       1
       1
       2
       2
       3
       0
       5
       2
       2
       1
       2
       2
       1
       1
       1
       3
       3
       1
       4
       4
       0
       2
       1
       2
       4
       3
       2
       0
       3
       0
       4
       4
       5
       6
       3
       1
       1
       1
       1
       1
       5
       3
       0
       0
       1
       2
       1
       2
       1
       1
       2
       3
       2
       4
       7
       0
       3
       5
       5
       3
       2
       2
       3
       1
       4
       4
       9
       2
       4
       1
       2
       2
       2
       1
       0
       2
       1
       2
       2
       2
       7
       1
       0
       2
       3
       0
       3
       4
       2
       2
       2
       3
       0
       6
       2
       2
       1
       2
       5
       4
       3
       3
       2
       2
       1
       1
       2
       3
       2
       4
       2
       1
       8
       5
       2
       4
       3
       5
       6
       5
       6
       3
       3
       2
       1
       7
       5
       2
       2
       2
       2
       5
       2
       4
       1
       3
       3
       6
       7
       4
       3
       6
       2
       7
       3
       1
       3
       1
       3
       5
       4
       2
       6
       4
       3
       3
       5
       2
       5
       1
       3
       4
       1
       2
       5
       2
       4
       2
       3
       3
       2
       0
       2
       5
       4
       6
       5
       3
       2
       1
       3
       2
       2
       5
       3
       1
       6
       3
       4
       1
       4
       6
       5
       5
       5
       5
       4
       3
       1
       4
       4
       3
       3
       2
       5
       5
       6
      11
       3
       1
       7
       5
       7
       7
       7
       4
       4
       2
       7
       4
       6
       9
       8
       4
       3
       5
       7
       4
       4
       4
       3
      11
       5
       8
       5
       5
       5
       4
       7
       7
       5
       7
       8
       4
      11
       5
       7
       5
      10
       8
       5
       6
      10
      11
       7
      12
      12
      19
       6
       8
       9
      10
       6
       6
       6
       7
      12
       6
      16
       4
       7
      12
       9
      13
      11
      12
      11
      13
       6
       7
      12
       9
       8
       5
      11
      12
      11
      17
      15
      15
      11
      14
      10
      11
       9
      16
      14
      13
      13
      16
      14
      10
      21
      13
      14
       7
       8
      15
      11
      18
      15
       9
      19
      18
      17
       9
      11
      14
      20
      13
      18
      13
      14
      18
      20
      12
      16
      23
      19
      19
      19
      20
      17
      27
      22
      15
      24
      14
      16
      16
      18
      20
      12
      15
      18
      22
      26
      21
      20
      14
      14
      16
      24
      18
      21
      17
      20
      20
      18
      22
      18
      20
      20
      17
      11
      22
      17
      13
      21
      24
      15
      22
      28
      16
      21
      23
      18
      21
      28
      10
      22
      19
      26
      26
      16
      14
      16
      25
      12
      19
      16
      23
      18
      15
      22
      19
      11
      15
      18
      14
      12
      27
      16
       8
      17
      17
      14
      19
      27
      19
      18
      19
      22
      19
      16
      20
      16
      24
      15
      21
      19
      12
      13
      15
      11
      14
      17
      17
      19
      23
      12
      18
      16
      10
      13
      11
      10
      12
      11
      13
      10
      12
      11
      10
       7
      10
       6
      19
      12
      10
      11
      13
      13
       3
      13
       4
      13
      14
      10
      11
      14
       6
       5
      11
       9
       7
      11
      12
       9
       6
       8
       8
       5
      12
       9
       7
       6
       6
       5
       4
       8
       9
      11
       4
      10
       6
       8
       9
       6
       5
       9
      12
       7
       5
       9
       7
       2
       3
       6
       8
       6
       6
       3
       3
       9
       6
       6
       3
       6
       4
      10
       4
       2
       7
       6
       1
       6
       2
       2
       6
       5
       6
       7
       5
       6
       3
       2
       7
       6
       6
       3
       3
       2
       5
      11
       6
       7
       5
       2
       1
       5
       3
       4
       6
       4
       4
       5
       4
       5
       4
       3
       8
       6
       4
       3
       9
      11
       2
       6
       8
       4
       4
       5
       3
       5
       4
       5
       2
       7
       4
       4
       6
       4
       2
       4
       5
       2
       4
       2
       6
       5
       3
       3
       0
       4
       4
       4
       1
       8
       3
       3
       3
       5
       5
       1
       4
       2
       4
       3
       3
       5
       4
       5
       3
       2
       0
       3
       2
       4
       3
       6
       2
       3
       4
       6
       4
       1
       4
       3
       1
       1
       2
       2
       0
       6
       1
       6
       3
       2
       4
       2
       7
       4
       1
       1
       5
       6
       2
       4
       3
       3
       7
       4
       2
       2
       1
       4
       4
       5
       4
       4
       5
       3
       4
       3
       1
       4
       4
       3
       1
       6
       4
       1
       1
       3
       5
       2
       0
       4
       0
       5
       4
       2
       8
       1
       3
       2
       1
       5
       1
       2
       0
       0
       1
       5
       6
       3
       2
       4
       3
       7
       1
       2
       2
       1
       1
       4
       2
       4
       1
       3
       1
       2
       1
       0
       1
       0
       2
       1
       2
       2
       2
       3
       0
       3
       1
       1
       3
       1
       0
       3
       1
       0
       0
       2
       4
       1
       0
       1
       5
       0
       2
       2
       2
       4
       0
       1
       1
       2
       3
       3
       2
       0
       2
       1
       2
       0
       1
       1
       2
       2
       1
       3
       0
       2
       1
       0
       1
       0
       0
       1
       2
       0
       1
       3
       0
       2
       0
       1
       0
       2
       3
       0
       1
       2
       1
       1
       2
       4
       1
       1
       1
       2
       2
       1
       0
       0
       2
       0
       0
       0
       1
       1
       1
       2
       0
       1
       0
       0
       0
       0
       0
       1
       1
       2
       0
       0
       0
       1
       0
       0
       1
       1
       0
       1
       0
       1
       0
       0
       0
       1
       2
       1
       0
       0
       0
       2
       0
       2
       1
       1
       0
       2
       1
       0
       0
       1
       2
       1
       0
       2
       1
       1
       0
       0
       0
       2
       1
       1
       0
       0
       0
       0
       0
       0
       0
       0
       0
       3
       0
       1
       1
       0
       0
       0
       0
       0
       0
       0
       0
       0
       0
       0
       1
       0
       1
       0
       0
       3
       0
       1
       0
       0
       0
       1
       1
       0
       0
       0
       1
       0
       1
       0
       0
       0
       0
       1
       0
       0
       0
       1
       0
       1
       1
       0
       0
       1
       0
       0
       1
       1
       0
       0
       0
       0
       1
       0
       0
       0
       0
       0
       0
       1
       1
       0
       0
       1
       1
       0
       0
       0
       1
       0
       0
       0
       0
       0
       1
       0
       1
       0
       0
       1
       0
       0
       0
       0
       1
       1
       0
       0
       0
       0
       1
       1
       0
       0
       1
       0
       0
       0
       0
       2
       0
       0
       0
       1
       0
       0
       0
       0
       1
       1
       0
       2
       0
       0
       1
       0
       0
       1
       1
       0
       2
       0
       1
       0
       0
       0
       0
       0
       0
       0
       0
       0
       0
       1
       1
       1
       1
       1
       0
       0
       0
       0
       0
       1
       1
       0
       0
       0
       1
       0
       0
       1
       1
       0
       1
       1
       1
       0
       0
       1
       1
       1
       0
       0
       0
       0
       2
       0
       0
       0
       1
       0
       1
       0
       3
       0
       1
       0
       1
       0
       1
       1
       0
       1
       1
       0
       0
       0
       0
       0
       0
       1
       3
       0
       0
       1
       0
       1
       0
       1
       2
       1
       1
       0
       1
       2
       2
       0
       0
       0
       0
       0
       2
       1
       0
       0
       0
       0
       1
       0
       0
       1
       1
       0
       3
       0
       1
       0
       1
       0
       2
       0
       2
       1
       0
       2
       0
       1
       0
       1
       1
       1
       1
       1
       0
       1
       1
       3
       0
       1
       1
       1
       3
       0
       1
       3
       3
       2
       1
       0
       2
       0
       2
       4
       5
       2
       2
       2
       3
       1
       0
       2
       2
       0
       1
       3
       1
       3
       5
       2
       0
       2
       2
       2
       3
       7
       0
       3
       3
       6
       6
       2
       4
       4
       2
       7
       6
       2
       3
       6
       4
       4
       7
       7
       7
       2
       7
       7
       2
       2
       4
       3
       5
       4
       6
       2
       5
       8
       5
       7
       4
       6
       6
       6
       3
       5
       2
       2
       2
       8
       4
       7
       4
       9
       2
       2
       8
       2
       6
       8
       4
       4
       4
       3
       5
       0
       3
       5
       3
       4
       4
       3
       2
       4
       4
       2
      10
       2
       6
       1
       4
       2
       3
       7
       5
       4
       4
       3
       1
       1
       1
       3
       2
       3
       3
       2
       3
       2
       4
       5
       3
       1
       5
       2
       3
       3
       4
       3
       4
       3
       3
       0
       2
       3
       0
       1
       2
       2
       5
       0
       0
       2
       2
       2
       2
       2
       2
       1
       1
       2
       2
       3
       1
       3
       3
       0
       2
       0
       0
       1
       0
       0
       2
       2
       2
       1
       0
       3
       0
       0
       3
       0
       0
       2
       0
       0
       2
       0
       0
       0
       0
       1
       0
       0
       2
       0
       0
       1
       0
       0
       0
       0
       0
       0
       0
       0
       2
       0
       0
       1
       0
       0
       0
       0
       1
       0
       0
       0
       0
       0
       0
       2
       0
       0
       0
       0
       0
       0
       1
       1
       0
       0
       0
       0
       0
       0
       0
       0
       0
       0
       0
       1
       0
       1
       0
       0
       0
       0
       0
       0
       0
       0
       0
       0
       0
       0
       1
       0
       0
       0
       1
       0
       0
       0
       0
       0
       0
       0
       1
       0
       0
       0
       0
       0
       0
       0
       0
       0
       0
       0
       0
       0
       0
       0
       0
       0
       0
       1
       1
       1
       1
       0
       0
       0
       0
       0
       0
       0
       0
       0
       0
       0
       0
       0
       0
       0
       0
       0
       0
       0
       0
       0
       0
       0
       0
       0
       0
       1
       0
       0
       0
       0
       0
       0
       0
       0
       0
       0
       1
       1
       0
       0
       0
       0
       0
       0
       2
       1
       0
       0
       0
       0
       0
       0
       0
       0
       0
       0
       0
       0
       0
       0
       1
       1
       0
       0
       0
       0
       0
       0
       0
       0
       0
       0
       0
       0
       0
       0
       0
       0
       0
       0
       0
       0
       0
       0
       0
       0
       0
       0
       0
       0
       0
       0
       0
       0
       0
       0
       0
       0
       0
       0
       0
       0
       0
       0
       0
       0
       1
       0
       0
       1
       0
       0
       0
       0
       0
       0
       0
       0
       0
       0
       0
       0
       0
       0
       1
       1
       0
       0
       0
       0
       0
       0
       0
       0
       0
       0
       0
       0
       0
       0
       0
       0
       0
       0
       0
       1
       0
       0
       0
       0
       0
       0
       0
       0
       0
       0
       0
       0
       1
       0
       0
       0
       0
       0
       1
       0
       0
       0
       0
       0
       0
       0
       0
       0
       0
       0
       0
       0
       0
       0
       0
       0
       0
       0
       0
       0
       0
       0
       0
       0
       0
       0
       0
       0
       0
       0
       0
       0
       0
       0
       0
       0
       0
       0
$ROI:
1
1221 1900
$PRESETS:
None
0
0
$ENER_FIT:
0.000000 2.049532
$MCA_CAL:
3
0.000000E+000 2.049532E+000 0.000000E+000 keV
$SHAPE_CAL:
3
0.000000E+000 0.000000E+000 0.000000E+000
