$SPEC_ID:
Scatter
$SPEC_REM:
DET# 1
DETDESC# JLAB-11 MCB 133
AP# Maestro Version 7.01
$DATE_MEA:
03/05/2026 12:01:49
$MEAS_TIM:
6873 6906
$DATA:
0 2047
       0
       0
       0
       0
       0
       0
       0
       0
       0
       0
       0
       0
       0
       0
       0
       0
       0
       0
       0
       0
       0
       0
       0
       0
       0
       0
       0
       0
       0
       0
       0
       0
       0
       0
       0
       0
       0
       0
       0
       0
       0
       0
       0
       0
       0
       0
       0
       0
       0
       0
       0
       0
       0
       0
       0
       0
       0
       0
       0
       0
       0
       0
       0
       0
       0
       0
       0
       0
       0
       0
       0
       0
       0
       0
       0
       0
       0
       0
       0
       0
       0
       0
       0
       0
       0
       0
       0
       0
       0
       0
       0
       0
       0
       0
       0
       0
       0
       0
       0
       0
       0
       0
       0
       0
       0
       0
       0
       0
       0
       0
       0
       0
       0
       0
       0
       0
       0
       0
       0
       0
       0
       0
       0
       0
       0
       0
       0
       0
       0
       0
       0
       0
       0
       0
       0
       0
       0
       0
       0
       0
       0
       0
       0
       0
       0
       0
       0
       0
       0
       0
       0
       0
       0
       0
       0
       0
       0
       0
       0
       0
       0
       0
       0
       0
       0
       0
       0
       0
       0
       0
       0
       0
       0
       0
       0
       0
       0
       0
       0
       0
       0
       0
       0
       0
       0
       0
       0
       0
       0
       0
       0
       0
       0
       0
       0
       0
       0
       0
       0
       0
       0
       0
       0
       0
       0
       0
       0
       0
       0
       0
       0
       0
       0
       0
       0
       0
       0
       0
       0
       0
       0
       0
       0
       0
       0
       0
       0
       0
       0
       0
       0
       0
       0
       0
       0
       0
       0
       0
       0
       0
       0
       0
       0
       0
       0
       0
       0
       0
       0
       0
       0
       0
       0
       0
       0
       0
       0
       0
       0
       0
       0
       0
       0
       0
       0
       0
       0
       0
       0
       0
       0
       0
       0
       0
       0
       0
       0
       0
       0
       0
       0
       0
       0
       0
       0
       0
       0
       0
       0
       0
       0
       0
       0
       0
       0
       0
       0
       0
       0
       0
       4
       4
       4
       5
       2
       4
       3
       5
       3
       2
       8
       6
       6
       3
       3
       4
       6
       4
       9
       7
       8
       2
       3
       4
       9
       6
       4
       2
       4
       4
       7
       5
       3
       4
       2
       3
       3
       6
       3
       6
       4
       8
       4
       7
       7
       7
       6
       3
       3
       6
       7
       3
       4
       7
       8
       6
       6
       5
       4
       4
       6
       4
       7
       9
      10
       6
       4
       8
       2
       8
       5
       5
       8
       8
       5
       5
       9
       4
       8
       5
      11
       8
      11
       3
       6
       9
       9
       5
       6
       6
       4
       9
      12
       6
       6
       9
       6
      10
       4
       8
       5
      11
       7
       6
      10
       3
       8
       3
       7
       6
       5
      13
       7
       8
       4
       5
      12
       4
       5
       7
       8
       9
       7
       5
      12
       4
       5
       9
       9
       4
      15
      11
      11
       6
       8
       6
       4
      12
       8
      12
       7
      12
      10
       8
       6
       2
       9
       6
      15
      12
      10
       7
      13
       6
       7
       9
      10
       8
      11
      17
       6
       3
       3
       3
      13
      12
       5
      12
      11
       8
      13
       2
      11
      10
       9
      13
       3
      13
      11
       9
       8
       3
       9
       6
       8
      12
       8
       8
       6
       8
       9
      11
       7
       8
       8
      11
       8
       9
       6
       6
      10
       9
       9
       7
       6
       4
       9
       9
       6
       7
       7
      11
       8
       4
       6
       4
      10
      10
       3
       6
       3
       6
       6
       8
      11
       6
       7
       2
       7
       8
       5
       5
       8
       3
      10
       7
       7
       6
       6
       6
       8
       8
      12
       6
       6
      12
       4
       6
       9
       7
       3
       3
       5
       5
       5
       8
       5
       5
       8
       5
       7
       6
       7
       6
       7
       8
       7
       8
      11
       6
      10
       4
      10
       9
       8
       9
       2
      10
      12
       6
       6
       6
       8
       5
       6
       3
       4
      10
       4
       3
      10
      10
       7
       9
       4
       1
       6
       6
       5
       9
      11
       8
       5
       7
       9
       9
       7
       6
       5
       3
       8
       8
       6
       3
       8
       5
       5
       9
      13
       3
       2
       8
       5
       6
       2
       5
       5
      11
       5
      11
       9
       9
       7
       4
       9
       4
       5
      11
       7
       6
       9
       9
      10
       6
       4
      10
       7
      10
       5
       7
      10
      11
       2
       9
       9
       9
      11
       8
       7
       4
       8
       8
       3
      11
       7
      12
       4
       9
       6
       6
      10
       5
       5
       7
       7
       7
      10
       9
      11
       8
      10
       7
      11
       6
      12
       8
       7
      14
      11
      12
      12
       9
       6
      16
      10
      21
       9
      11
       7
      14
       8
       8
       6
      12
      15
      10
      10
       8
      12
       8
      14
      12
      16
      17
      14
      12
      14
      17
      18
       9
      14
      12
      20
      11
      11
      16
       9
      10
      18
      19
      21
      27
      14
      12
      11
      11
      12
      10
      15
      16
      15
      10
      22
      19
      14
      19
      16
      18
      14
      13
      13
      21
      17
      19
      17
      14
      12
      15
      17
      21
      12
      17
      11
      13
      21
      24
      23
      19
      16
      17
      15
      13
      15
      18
      20
      18
      12
      19
      23
      18
      21
      21
      22
      20
      17
      22
      18
      32
      13
      22
      16
      19
      20
      12
      17
      20
      20
      20
      15
      20
      17
      16
      22
      11
      11
      16
      15
      16
      14
      16
      16
      20
      20
      15
      20
      18
      17
      18
      10
      19
      19
      14
      14
      22
      22
      12
      11
      10
      11
      13
      21
      13
      17
      10
       9
      13
      18
      20
      10
      16
      10
      17
       8
      11
      13
       8
      13
      13
       8
      15
      12
       8
       7
      14
       8
      12
       6
      12
       6
      12
       4
      11
       5
       7
      10
      14
      15
      12
       9
       8
       8
       9
       7
       9
       4
       7
       9
       3
       6
      10
       7
       6
       8
       9
       2
       4
       4
       5
       5
       4
       9
       4
       5
       5
       3
       7
       8
       5
       3
       3
       7
       5
       3
       4
       4
       5
       5
       1
       6
       2
       4
       5
       5
       4
       5
       5
       4
       2
       8
       5
       4
       3
       3
       2
       3
       2
       3
       2
       2
       3
       6
       1
       2
       3
       3
       5
       7
       2
       0
       0
       2
       3
       0
       2
       4
       3
       0
       1
       3
       6
       2
       5
       2
       2
       6
       7
       3
       1
       1
       2
       1
       3
       0
       0
       1
       2
       3
       2
       0
       0
       1
       0
       1
       2
       1
       1
       1
       1
       1
       0
       0
       0
       1
       0
       0
       1
       1
       0
       1
       0
       4
       1
       0
       0
       0
       0
       0
       2
       0
       0
       0
       0
       0
       0
       1
       1
       0
       1
       0
       0
       0
       0
       0
       0
       0
       0
       0
       1
       1
       0
       0
       0
       0
       0
       0
       0
       0
       0
       1
       0
       0
       0
       0
       0
       0
       0
       0
       1
       0
       3
       0
       1
       0
       1
       0
       1
       1
       2
       0
       1
       0
       0
       0
       0
       0
       0
       0
       0
       1
       0
       1
       2
       0
       1
       1
       0
       0
       0
       1
       1
       1
       0
       1
       0
       0
       1
       0
       1
       1
       0
       0
       0
       1
       0
       0
       0
       1
       1
       0
       1
       0
       3
       2
       0
       1
       0
       0
       0
       1
       1
       1
       1
       0
       0
       0
       1
       0
       0
       0
       0
       0
       0
       0
       1
       2
       1
       0
       1
       0
       1
       0
       0
       0
       0
       1
       0
       0
       1
       0
       0
       0
       0
       1
       0
       1
       0
       1
       0
       0
       1
       2
       1
       0
       1
       0
       0
       0
       0
       0
       0
       0
       0
       1
       1
       2
       0
       1
       2
       0
       1
       1
       2
       0
       0
       0
       1
       0
       0
       0
       0
       0
       0
       0
       1
       0
       0
       0
       1
       0
       0
       0
       1
       0
       3
       0
       0
       0
       0
       0
       0
       0
       2
       0
       1
       1
       0
       1
       0
       2
       1
       0
       0
       2
       0
       0
       0
       0
       2
       0
       0
       1
       0
       1
       0
       1
       0
       1
       0
       2
       2
       0
       0
       0
       2
       0
       0
       0
       1
       0
       1
       1
       2
       0
       0
       1
       0
       0
       1
       0
       0
       0
       0
       1
       1
       0
       0
       0
       0
       1
       1
       0
       0
       0
       0
       0
       0
       0
       1
       0
       0
       0
       0
       0
       1
       0
       1
       1
       0
       0
       1
       0
       0
       0
       0
       0
       0
       1
       1
       0
       0
       0
       0
       0
       0
       0
       0
       1
       0
       1
       0
       1
       1
       0
       0
       1
       0
       2
       0
       0
       0
       0
       0
       0
       2
       0
       0
       0
       0
       0
       0
       1
       0
       1
       0
       1
       0
       0
       0
       0
       1
       0
       1
       0
       0
       0
       0
       0
       0
       1
       0
       0
       0
       0
       0
       1
       1
       0
       0
       0
       0
       0
       0
       0
       0
       0
       1
       0
       0
       1
       0
       0
       2
       0
       0
       0
       1
       0
       0
       0
       1
       0
       1
       0
       0
       1
       1
       0
       0
       0
       0
       1
       0
       1
       0
       1
       1
       0
       0
       0
       0
       2
       0
       0
       1
       0
       0
       0
       0
       1
       0
       1
       0
       0
       0
       0
       1
       2
       1
       2
       0
       0
       0
       0
       0
       0
       0
       1
       0
       0
       0
       0
       0
       0
       0
       1
       1
       0
       0
       1
       0
       0
       0
       0
       1
       0
       0
       1
       0
       0
       0
       1
       0
       0
       0
       0
       0
       0
       2
       2
       0
       0
       0
       1
       0
       1
       0
       0
       0
       1
       0
       0
       1
       1
       0
       1
       1
       1
       1
       0
       0
       0
       0
       0
       0
       0
       0
       1
       1
       0
       0
       0
       1
       0
       0
       1
       1
       0
       0
       1
       0
       0
       1
       0
       0
       0
       0
       2
       0
       1
       0
       1
       0
       2
       1
       0
       1
       0
       1
       1
       0
       0
       0
       2
       1
       0
       0
       0
       0
       0
       1
       0
       1
       0
       0
       0
       2
       1
       0
       0
       0
       0
       0
       0
       0
       1
       0
       0
       1
       0
       0
       0
       0
       0
       0
       0
       0
       1
       1
       0
       0
       0
       0
       0
       0
       0
       0
       0
       0
       1
       0
       0
       0
       0
       0
       1
       0
       0
       1
       1
       0
       0
       0
       1
       0
       0
       0
       0
       1
       0
       0
       0
       1
       0
       0
       0
       1
       0
       0
       0
       1
       0
       0
       0
       0
       0
       0
       0
       0
       0
       0
       0
       0
       0
       0
       1
       1
       0
       0
       0
       0
       0
       0
       0
       0
       0
       0
       0
       0
       0
       0
       0
       0
       0
       0
       0
       0
       0
       0
       0
       0
       0
       0
       0
       0
       0
       0
       1
       0
       1
       0
       1
       0
       0
       0
       0
       0
       0
       0
       0
       0
       0
       0
       0
       0
       0
       0
       0
       0
       0
       0
       0
       0
       0
       0
       0
       0
       0
       0
       0
       0
       0
       0
       0
       0
       0
       0
       0
       0
       0
       1
       0
       2
       0
       0
       0
       0
       0
       0
       0
       0
       0
       0
       0
       1
       0
       0
       0
       0
       0
       1
       0
       0
       0
       0
       0
       0
       0
       0
       0
       1
       0
       0
       0
       0
       0
       0
       0
       1
       0
       0
       0
       0
       0
       0
       0
       0
       1
       0
       0
       1
       1
       0
       0
       0
       0
       0
       0
       0
       0
       0
       0
       0
       0
       0
       0
       0
       0
       0
       0
       1
       0
       0
       0
       0
       0
       1
       0
       1
       0
       0
       0
       0
       0
       0
       0
       0
       0
       0
       0
       0
       0
       0
       1
       0
       0
       0
       0
       0
       0
       0
       0
       1
       0
       0
       0
       0
       0
       1
       0
       0
       0
       0
       0
       1
       0
       0
       1
       1
       0
       0
       1
       0
       0
       1
       0
       0
       0
       0
       0
       1
       0
       0
       0
       1
       0
       0
       0
       0
       2
       0
       0
       1
       0
       0
       0
       0
       0
       0
       0
       0
       0
       0
       0
       0
       0
       1
       0
       0
       0
       0
       0
       0
       0
       1
       0
       0
       0
       0
       0
       0
       0
       0
       0
       0
       0
       1
       0
       0
       0
       0
       0
       0
       0
       0
       0
       0
       0
       0
       0
       0
       0
       0
       0
       0
       0
       0
       0
       0
       0
       0
       1
       2
       0
       0
       0
       0
       0
       0
       0
       0
       0
       0
       0
       0
       0
       0
       0
       0
       0
       0
       0
       0
       0
       1
       0
       0
       0
       0
       0
       0
       0
       0
       0
       0
       0
       0
       0
       0
       0
       0
       0
       0
       0
       0
       0
       0
       0
       0
       0
       0
       0
       0
       0
       0
       0
       0
       0
       0
       0
       1
       0
       0
       0
       0
       0
       1
       1
       0
       0
       0
       0
       0
       0
       0
       0
       0
       0
       0
       0
       0
       0
       0
       0
       0
       0
       0
       0
       0
       0
       0
       0
       0
       0
       0
       0
       0
       0
       0
       0
       0
       1
       0
       0
       0
       0
       0
       0
       0
       0
       0
       0
       0
       0
       0
       0
       0
       1
       0
       0
       0
       0
       0
       0
       0
       0
       0
       0
       0
       0
       0
       0
       0
       0
       0
       0
       0
       0
       0
       0
       0
       0
       0
       0
       0
       0
       0
       0
       0
       0
       0
       0
       0
       0
       0
       0
       0
       0
       0
       0
       0
       0
       0
       0
       0
       0
       0
       0
       0
       0
       0
       0
       0
       0
       0
       0
       0
       0
       0
$ROI:
0
$PRESETS:
None
0
0
$ENER_FIT:
0.000000 2.049536
$MCA_CAL:
3
0.000000E+000 2.049536E+000 0.000000E+000 keV
$SHAPE_CAL:
3
0.000000E+000 0.000000E+000 0.000000E+000
