$SPEC_ID:
Recoil
$SPEC_REM:
DET# 2
DETDESC# JLAB-11 MCB 134
AP# Maestro Version 7.01
$DATE_MEA:
03/05/2026 09:36:50
$MEAS_TIM:
456 463
$DATA:
0 2047
       0
       0
       0
       0
       0
       0
       0
       0
       0
       0
       0
       0
       0
       0
       0
       0
       0
       0
       0
       0
       0
       0
       0
       0
       0
       0
       0
       0
       0
       0
       0
       0
       0
       0
       0
       0
       0
       0
       0
       0
       0
       0
       0
       0
       0
       0
       0
       0
       0
       0
       0
       0
       0
       0
       0
       0
       0
       0
       0
       0
       0
       0
       0
       0
       0
       0
       0
       0
       0
       0
       0
       0
       0
       0
      74
    3536
    4210
    4626
    5042
    5495
    5972
    6125
    6344
    6428
    6598
    6392
    6299
    5944
    5712
    5244
    4854
    4531
    3909
    3438
    3053
    2656
    2282
    1953
    1774
    1400
    1226
    1045
     907
     814
     626
     607
     534
     454
     424
     361
     337
     311
     300
     312
     286
     290
     268
     303
     295
     321
     288
     314
     302
     336
     321
     346
     339
     357
     397
     372
     367
     414
     415
     461
     450
     473
     448
     495
     501
     469
     448
     501
     500
     480
     487
     499
     476
     485
     451
     455
     495
     506
     438
     467
     457
     429
     450
     420
     487
     484
     453
     439
     455
     424
     500
     516
     497
     516
     469
     548
     574
     574
     549
     593
     594
     525
     590
     599
     611
     661
     671
     624
     634
     609
     656
     676
     661
     728
     724
     760
     808
     775
     826
     905
     876
     914
     893
     875
    1031
     966
    1052
    1117
    1120
    1186
    1169
    1256
    1345
    1373
    1370
    1397
    1438
    1555
    1576
    1667
    1711
    1700
    1643
    1684
    1756
    1752
    1717
    1644
    1624
    1631
    1601
    1518
    1509
    1404
    1392
    1307
    1216
    1148
    1077
    1023
     939
     841
     803
     750
     671
     599
     643
     539
     502
     484
     463
     443
     440
     430
     428
     402
     361
     385
     385
     382
     361
     367
     356
     328
     376
     354
     368
     366
     368
     339
     352
     369
     365
     360
     378
     388
     349
     388
     367
     378
     355
     398
     383
     404
     371
     351
     355
     388
     368
     376
     424
     385
     361
     400
     357
     359
     367
     403
     349
     428
     365
     393
     381
     362
     389
     380
     365
     358
     373
     359
     413
     414
     341
     375
     363
     390
     408
     374
     359
     362
     387
     404
     360
     336
     378
     347
     372
     385
     351
     418
     352
     410
     365
     359
     380
     393
     378
     416
     371
     383
     367
     336
     365
     382
     363
     375
     395
     339
     424
     389
     412
     366
     400
     389
     377
     390
     372
     409
     385
     383
     395
     388
     392
     374
     373
     402
     369
     387
     441
     398
     378
     387
     396
     447
     382
     366
     421
     365
     392
     359
     436
     432
     421
     392
     425
     403
     422
     393
     426
     464
     416
     443
     429
     378
     446
     393
     426
     443
     416
     412
     404
     441
     437
     414
     444
     451
     406
     452
     484
     432
     433
     450
     448
     450
     401
     440
     477
     445
     425
     445
     412
     427
     441
     452
     470
     426
     408
     465
     405
     396
     422
     423
     414
     469
     420
     425
     432
     387
     454
     404
     432
     437
     411
     429
     385
     412
     401
     422
     417
     420
     394
     385
     395
     372
     374
     369
     377
     409
     357
     368
     382
     384
     403
     369
     377
     381
     395
     372
     349
     379
     395
     376
     374
     399
     350
     370
     375
     379
     374
     401
     343
     327
     381
     388
     370
     348
     360
     346
     382
     359
     377
     377
     369
     382
     340
     396
     373
     383
     343
     362
     350
     364
     340
     356
     361
     323
     308
     345
     346
     328
     355
     359
     358
     365
     284
     345
     322
     341
     342
     326
     344
     341
     344
     356
     338
     343
     327
     292
     313
     325
     292
     314
     332
     312
     334
     309
     311
     295
     316
     285
     344
     302
     275
     272
     294
     299
     316
     302
     299
     275
     297
     297
     279
     294
     247
     282
     279
     305
     306
     277
     289
     255
     272
     269
     310
     261
     294
     303
     304
     256
     258
     288
     258
     275
     293
     248
     252
     241
     278
     254
     275
     266
     260
     268
     259
     268
     275
     255
     251
     228
     264
     267
     233
     278
     253
     230
     256
     233
     254
     253
     263
     262
     244
     224
     251
     221
     240
     261
     234
     241
     233
     234
     236
     229
     220
     241
     210
     243
     221
     214
     266
     226
     230
     212
     199
     217
     258
     239
     236
     243
     227
     233
     214
     228
     220
     205
     196
     228
     211
     233
     221
     250
     237
     212
     250
     231
     206
     229
     258
     204
     220
     221
     239
     232
     224
     263
     232
     241
     219
     225
     250
     241
     257
     261
     246
     225
     256
     221
     231
     273
     231
     259
     258
     244
     270
     253
     248
     254
     219
     262
     269
     240
     254
     251
     265
     287
     305
     244
     289
     280
     280
     296
     269
     257
     299
     253
     289
     280
     283
     316
     274
     293
     276
     324
     299
     324
     278
     269
     293
     330
     270
     257
     310
     281
     273
     284
     284
     304
     277
     334
     309
     308
     324
     278
     313
     308
     324
     300
     327
     357
     310
     323
     313
     304
     322
     334
     284
     303
     346
     360
     315
     346
     342
     350
     375
     325
     307
     357
     388
     360
     356
     350
     354
     366
     347
     421
     384
     344
     350
     370
     376
     368
     363
     345
     334
     379
     380
     385
     352
     326
     325
     365
     355
     380
     383
     357
     344
     357
     378
     344
     330
     350
     368
     360
     315
     357
     356
     341
     342
     339
     312
     311
     321
     334
     342
     280
     283
     311
     317
     299
     253
     287
     258
     266
     259
     259
     269
     275
     236
     275
     239
     257
     257
     226
     234
     214
     229
     224
     236
     235
     230
     263
     250
     237
     230
     253
     241
     230
     222
     289
     268
     240
     259
     239
     269
     265
     258
     267
     282
     287
     260
     290
     287
     286
     304
     310
     316
     332
     305
     339
     334
     354
     326
     386
     372
     410
     397
     396
     403
     468
     422
     427
     425
     441
     470
     463
     484
     467
     468
     443
     532
     514
     513
     523
     528
     540
     585
     529
     590
     586
     578
     587
     576
     620
     594
     607
     574
     650
     624
     640
     598
     645
     591
     606
     647
     590
     607
     687
     631
     573
     628
     675
     618
     639
     636
     603
     597
     596
     594
     638
     585
     582
     625
     566
     601
     567
     581
     555
     540
     543
     564
     561
     548
     449
     503
     496
     491
     513
     466
     479
     462
     469
     446
     450
     447
     429
     422
     434
     418
     403
     350
     401
     364
     392
     369
     348
     326
     343
     329
     345
     308
     278
     294
     334
     309
     281
     282
     256
     279
     276
     289
     290
     234
     261
     241
     206
     234
     229
     203
     226
     204
     207
     184
     252
     209
     166
     204
     171
     206
     176
     204
     191
     167
     177
     172
     173
     152
     156
     189
     151
     147
     160
     152
     145
     134
     150
     124
     133
     120
     133
     131
     137
     132
     120
     148
     137
     127
     126
     138
     113
     122
     114
     127
     134
     109
     113
     121
     125
      92
     110
     111
     101
     123
      88
     112
     108
      93
     107
     123
      93
      97
      86
      91
     105
     104
     108
      96
     106
      79
      81
      89
      88
      89
     123
      90
      92
      71
      78
      90
      68
      80
      99
      88
      79
      82
      90
      71
     109
      90
      86
      84
      92
      89
      81
      76
      89
      75
     105
      76
      88
      91
      93
      92
      74
     104
      88
      93
      75
      90
      90
      84
      83
     107
      88
      80
      70
      86
      77
      86
      80
      75
     103
      80
      92
      85
      84
      92
      78
      96
      90
      84
      85
      76
      87
      74
      72
      85
      86
      96
      80
      63
      78
      71
      82
      69
      73
      72
      80
      65
      77
      75
      61
      62
      73
      64
      77
      78
      65
      78
      70
      55
      77
      70
      76
      65
      54
      61
      67
      51
      61
      72
      55
      49
      56
      70
      62
      54
      53
      64
      51
      44
      70
      66
      61
      55
      48
      57
      52
      62
      59
      56
      39
      50
      45
      59
      47
      56
      47
      51
      42
      54
      47
      51
      46
      36
      44
      29
      42
      58
      46
      50
      58
      47
      42
      37
      31
      40
      27
      38
      43
      33
      52
      42
      39
      39
      43
      54
      42
      42
      51
      39
      48
      32
      41
      44
      36
      32
      39
      36
      43
      29
      24
      36
      30
      35
      33
      43
      32
      36
      40
      35
      34
      41
      26
      44
      31
      31
      34
      30
      44
      37
      38
      38
      38
      35
      43
      29
      32
      33
      29
      34
      24
      40
      28
      35
      33
      25
      30
      35
      37
      34
      33
      35
      35
      34
      30
      35
      33
      27
      30
      40
      21
      21
      32
      34
      32
      29
      26
      34
      36
      18
      29
      31
      33
      31
      40
      28
      32
      33
      31
      29
      25
      31
      34
      21
      34
      30
      33
      30
      23
      26
      36
      23
      33
      26
      30
      26
      30
      34
      25
      40
      25
      32
      25
      34
      38
      24
      21
      33
      26
      29
      32
      26
      28
      38
      29
      22
      38
      33
      36
      26
      34
      24
      26
      35
      25
      31
      31
      20
      27
      27
      29
      18
      28
      30
      23
      19
      30
      37
      28
      32
      20
      21
      30
      29
      33
      28
      35
      30
      26
      31
      37
      27
      31
      36
      36
      21
      28
      29
      26
      37
      19
      27
      37
      32
      31
      25
      30
      20
      23
      27
      29
      30
      28
      24
      23
      35
      28
      34
      19
      28
      29
      23
      42
      35
      40
      37
      39
      40
      31
      27
      42
      31
      28
      28
      24
      24
      30
      34
      38
      43
      38
      31
      30
      26
      27
      38
      30
      32
      41
      40
      33
      47
      36
      33
      30
      35
      32
      29
      38
      44
      39
      36
      42
      37
      25
      39
      34
      41
      37
      48
      31
      30
      38
      43
      44
      30
      32
      32
      32
      45
      25
      39
      36
      37
      27
      43
      59
      40
      39
      32
      37
      53
      45
      55
      36
      43
      44
      41
      39
      44
      49
      56
      51
      54
      38
      49
      58
      39
      54
      59
      37
      48
      66
      51
      49
      51
      55
      71
      54
      73
      75
      63
      52
      76
      72
      55
      78
      65
      64
      76
      74
      84
      80
      89
      78
      91
      79
      71
      92
      80
     103
      90
     113
     120
      90
     107
     102
     106
      91
     103
     115
     122
     117
     138
     123
     124
     141
     133
     130
     142
     164
     141
     135
     142
     167
     133
     166
     154
     168
     141
     200
     167
     181
     165
     194
     157
     201
     204
     227
     211
     189
     212
     213
     206
     211
     207
     221
     235
     233
     247
     277
     270
     244
     264
     265
     271
     291
     280
     300
     306
     308
     312
     282
     253
     306
     317
     310
     322
     353
     311
     322
     323
     364
     345
     324
     340
     388
     350
     375
     386
     377
     384
     391
     352
     369
     378
     335
     380
     405
     426
     376
     392
     396
     407
     405
     395
     397
     377
     407
     393
     369
     406
     382
     369
     387
     400
     383
     390
     369
     364
     376
     382
     374
     374
     351
     379
     356
     381
     349
     360
     385
     370
     391
     386
     377
     359
     344
     351
     388
     337
     325
     337
     294
     326
     337
     331
     321
     296
     287
     312
     275
     317
     291
     288
     236
     257
     287
     268
     240
     229
     217
     227
     253
     238
     197
     202
     209
     216
     190
     189
     190
     195
     176
     198
     195
     165
     165
     172
     161
     166
     145
     154
     143
     149
     135
     120
     133
     152
     126
     124
     111
     121
     116
     106
     104
     102
     107
      74
      92
      99
      81
     104
      79
      73
      79
      72
      69
      67
      61
      53
      54
      61
      53
      60
      50
      45
      52
      42
      38
      36
      44
      41
      36
      32
      35
      36
      41
      29
      25
      30
      32
      18
      21
      22
      23
      18
      23
      26
      26
      17
      21
      17
      15
      14
      15
      17
      15
      20
      12
      12
      13
      18
      20
      13
      10
      16
      11
      10
       9
      12
       7
      10
      12
       9
      10
      16
      10
       3
       4
      12
      10
       5
       9
       9
       7
       6
       5
       5
       9
      11
       4
      11
      13
      15
      11
       6
       5
      11
      10
      12
       7
       8
       6
       8
      14
      11
       5
      12
       8
      11
       4
       4
      13
       9
      11
       7
       7
      16
       9
      10
      14
       7
       5
       6
       5
       6
       6
       6
       3
       7
       5
       5
       7
       8
       7
       4
       8
       5
       6
       7
      10
       3
       3
       1
       5
       7
       8
       6
       5
       8
       5
       3
       6
       7
       3
       4
       2
       8
       5
      10
       5
       9
       7
       5
       8
       6
       4
       7
       7
       3
       5
       7
       6
       6
       8
       4
      10
       6
       8
       7
      12
       5
       6
       5
       3
       4
       7
       6
       6
       5
       9
       6
       4
       6
       7
      12
      11
      10
       6
       4
       7
       6
       8
       7
       7
       8
       6
      10
       6
       9
      11
       4
       6
       9
       7
       7
       7
       6
       7
       7
       8
       5
       0
      10
       6
       8
       7
       6
       7
       5
      13
       3
       7
       7
       2
       5
       3
       1
       4
       3
       7
       7
       6
       6
       4
       6
       4
       7
      10
       6
       5
       4
       3
       4
       4
      10
       7
       8
       3
       8
       7
       7
       3
       3
      13
       5
       3
       7
       3
       4
       3
       7
       6
       1
       7
       3
       2
       4
       2
       1
       6
       7
       7
       8
       2
       8
       2
       3
       4
       4
       5
       4
       8
       9
       4
      11
       7
       5
       6
       6
       4
       3
       5
       5
       3
       3
       5
       4
       8
       7
       7
       4
       5
       3
       5
       5
       6
       5
       3
       3
       2
       5
       8
       5
       5
       4
       3
       6
       7
       8
       4
      13
       6
       9
       4
       8
       5
       5
       5
       3
       7
       0
       0
       0
       0
       0
       0
       0
       0
       0
       0
       0
       0
       0
       0
       0
       0
       0
       0
       0
       0
       0
       0
       0
       0
       0
       0
       0
       0
       0
       0
       0
       0
$ROI:
0
$PRESETS:
None
0
0
$ENER_FIT:
0.000000 2.049532
$MCA_CAL:
3
0.000000E+000 2.049532E+000 0.000000E+000 keV
$SHAPE_CAL:
3
0.000000E+000 0.000000E+000 0.000000E+000
