$SPEC_ID:
Scatter
$SPEC_REM:
DET# 1
DETDESC# JLAB-11 MCB 133
AP# Maestro Version 7.01
$DATE_MEA:
03/03/2026 16:44:08
$MEAS_TIM:
139 143
$DATA:
0 2047
       0
       0
       0
       0
       0
       0
       0
       0
       0
       0
       0
       0
       0
       0
       0
       0
       0
       0
       0
       0
       0
       0
       0
       0
       0
       0
       0
       0
       0
       0
       0
       0
       0
       0
       0
       0
       0
       0
       0
       0
       0
       0
       0
       0
       0
       0
       0
       0
       0
       0
       0
       0
       0
       0
       0
       0
       0
       0
       0
       0
       0
       0
       0
       0
       0
       0
       0
       0
       0
       0
       0
       0
    1035
    3515
    3719
    3897
    3955
    4099
    4201
    4317
    4247
    4271
    4304
    4197
    4142
    3800
    3601
    3452
    3131
    2888
    2688
    2367
    2075
    1901
    1672
    1484
    1186
    1098
     915
     800
     674
     629
     481
     436
     374
     369
     314
     264
     236
     243
     234
     210
     178
     230
     215
     209
     209
     245
     223
     225
     270
     221
     235
     305
     269
     284
     308
     295
     339
     333
     363
     329
     340
     336
     350
     324
     345
     323
     334
     366
     351
     374
     355
     334
     353
     359
     352
     341
     335
     327
     311
     272
     354
     293
     320
     357
     331
     358
     361
     348
     393
     350
     362
     403
     345
     364
     410
     377
     409
     384
     415
     380
     450
     430
     397
     433
     461
     454
     467
     501
     513
     496
     551
     580
     651
     639
     705
     706
     807
     846
     897
     929
     963
    1022
    1165
    1190
    1236
    1303
    1371
    1413
    1524
    1551
    1527
    1563
    1592
    1647
    1631
    1664
    1575
    1566
    1505
    1511
    1425
    1359
    1322
    1280
    1203
    1180
    1097
    1083
     999
     889
     841
     790
     750
     668
     592
     564
     508
     444
     406
     379
     386
     315
     344
     305
     253
     251
     237
     213
     222
     179
     184
     181
     180
     189
     175
     164
     179
     176
     150
     148
     176
     170
     180
     148
     166
     184
     198
     155
     171
     173
     191
     184
     171
     194
     184
     162
     177
     171
     162
     187
     167
     178
     183
     176
     201
     177
     178
     164
     167
     166
     190
     199
     208
     169
     173
     195
     196
     164
     187
     182
     200
     194
     199
     146
     180
     186
     193
     180
     189
     197
     176
     181
     171
     170
     165
     174
     162
     157
     177
     186
     162
     172
     173
     173
     192
     152
     185
     170
     175
     171
     176
     198
     182
     172
     155
     189
     159
     186
     166
     168
     171
     167
     183
     188
     195
     168
     160
     190
     165
     190
     206
     170
     176
     164
     191
     179
     189
     197
     165
     211
     184
     203
     203
     190
     213
     209
     189
     174
     230
     198
     222
     211
     191
     213
     233
     235
     237
     204
     209
     212
     164
     230
     234
     199
     215
     231
     202
     204
     225
     243
     244
     221
     246
     212
     266
     216
     237
     224
     219
     204
     219
     212
     217
     229
     209
     237
     194
     215
     195
     216
     232
     192
     220
     244
     223
     194
     198
     199
     195
     203
     184
     183
     209
     212
     184
     225
     236
     201
     211
     188
     210
     209
     189
     190
     213
     195
     185
     210
     173
     212
     193
     177
     191
     192
     197
     173
     177
     193
     183
     198
     181
     187
     186
     189
     179
     191
     188
     154
     160
     170
     180
     169
     182
     166
     165
     173
     185
     174
     157
     198
     155
     162
     165
     145
     176
     163
     174
     183
     173
     153
     157
     155
     152
     170
     167
     136
     162
     163
     153
     150
     149
     160
     146
     148
     139
     141
     164
     156
     156
     160
     135
     127
     156
     121
     137
     132
     129
     138
     134
      93
     137
     136
     128
     142
     117
     117
     126
     125
     130
     137
     137
     124
     123
     125
     134
     111
     125
     129
     109
     112
     106
     112
     146
     123
      93
     106
     105
     113
     124
     137
     121
     128
     123
     106
     107
     105
     103
      99
     118
     110
     107
     119
     107
     118
     122
      88
      89
     117
     101
     109
     114
     126
      85
     114
      98
     112
      93
     109
      98
      99
      98
      82
     110
      91
     111
      90
     111
     113
      97
     103
      94
      95
     105
     100
      81
      89
      93
      86
      85
      97
      93
      92
      89
      93
      89
      70
      69
      89
      82
      90
      95
      88
     102
      97
      82
      79
      91
     105
      84
      80
     104
      82
     106
     105
      92
      92
      99
      97
     102
     126
     103
     102
     102
      97
      87
     116
     122
     109
     111
     124
      88
     135
     140
     114
     132
     123
     130
     139
     115
     130
     142
     140
     153
     155
     154
     148
     136
     149
     156
     150
     163
     158
     158
     166
     165
     163
     170
     153
     164
     170
     163
     193
     184
     180
     184
     207
     186
     186
     173
     183
     201
     162
     187
     207
     196
     211
     188
     180
     186
     206
     208
     214
     202
     206
     196
     199
     224
     216
     223
     233
     213
     225
     251
     194
     235
     240
     212
     234
     259
     251
     264
     253
     249
     230
     253
     235
     266
     274
     255
     269
     244
     259
     243
     238
     306
     262
     277
     266
     276
     282
     276
     262
     253
     271
     247
     277
     254
     223
     272
     258
     237
     240
     277
     256
     251
     252
     230
     250
     233
     211
     230
     230
     224
     240
     229
     222
     214
     202
     215
     212
     205
     183
     194
     169
     181
     174
     176
     150
     191
     153
     154
     151
     147
     144
     154
     152
     145
     137
     153
     133
     129
     150
     169
     138
     154
     154
     130
     149
     150
     144
     163
     169
     154
     159
     172
     192
     184
     199
     196
     188
     183
     208
     231
     220
     235
     247
     230
     247
     261
     267
     276
     268
     284
     285
     314
     318
     339
     328
     322
     356
     374
     371
     329
     380
     441
     398
     394
     444
     416
     434
     472
     485
     499
     506
     505
     490
     483
     547
     520
     536
     496
     560
     500
     542
     563
     544
     555
     586
     590
     557
     551
     608
     553
     545
     567
     572
     552
     578
     561
     535
     562
     572
     528
     539
     550
     544
     518
     509
     527
     531
     514
     539
     526
     533
     512
     465
     473
     490
     468
     486
     440
     469
     448
     438
     424
     414
     390
     441
     353
     387
     373
     351
     316
     339
     359
     325
     341
     320
     313
     280
     297
     270
     268
     257
     264
     262
     248
     241
     225
     254
     219
     192
     212
     216
     165
     169
     168
     177
     174
     154
     156
     154
     138
     151
     171
     138
     137
     129
     136
     124
     129
     139
     111
     103
     110
     103
     110
      98
     113
     102
      87
      93
     106
      91
      84
      76
      82
      98
      75
      83
      80
      82
      85
      76
      72
      53
      54
      62
      65
      62
      61
      68
      62
      48
      44
      58
      62
      56
      39
      33
      45
      28
      37
      40
      37
      39
      35
      41
      37
      39
      33
      32
      38
      30
      38
      27
      26
      27
      15
      18
      29
      21
      26
      32
      34
      19
      19
      26
      19
      21
      30
      19
      17
      16
      19
      21
      17
      24
      13
      22
      20
      20
      21
      18
      14
      20
      23
      19
      21
      11
      15
      24
      25
      17
      22
      16
      24
      14
      23
      18
      22
      18
      16
      20
      13
      22
      15
      24
      17
      18
      15
      17
      12
      22
      18
      11
      21
      17
      18
      14
      13
      13
      19
      12
      14
      20
       7
      24
      24
      12
      11
      15
       9
      17
      17
      19
      21
      15
      16
      15
      17
      12
      22
      23
      13
      11
      19
      19
      19
      13
      10
      14
      13
      11
      16
      10
      12
      15
      17
       9
      13
      19
      14
      15
      13
      12
      13
      15
      16
       9
       9
      16
      11
      12
      12
      14
       7
      11
      14
      15
       9
      16
      10
       9
      16
       9
       5
       9
       7
       8
      14
      13
      12
      10
      14
       5
      10
       7
       7
      13
       8
      16
      18
      10
       6
       5
      16
       9
       6
       9
      13
       5
      10
       5
       9
       7
      16
       9
       9
      10
       7
       7
       9
       7
       9
       4
       6
       7
       6
       9
       9
       5
       6
       9
       5
       4
       7
       2
      11
       4
       9
       5
       9
      11
       7
       8
       1
       5
      11
       9
       5
       3
       2
       5
       8
      13
       6
       8
       6
       9
      11
       4
      12
       9
       5
      13
       5
      10
       7
      10
       6
       9
       6
       4
       5
       7
       5
       4
       6
       3
       9
       6
      12
       7
       6
       7
       5
       7
       7
       4
       6
       5
       6
       4
       6
       8
       8
       4
       5
       5
       5
       7
       5
       6
       5
       3
       5
       6
       8
       3
       7
       8
       6
       4
       2
       6
       8
       5
       8
       3
       6
       4
      12
       5
       8
       8
       5
       7
       6
       2
       5
       6
       9
       6
       7
       7
       4
       7
       2
       7
       9
      14
       7
       6
       1
       6
       6
       8
      11
       4
       6
      11
       6
       5
       4
       7
       7
      12
       4
       2
       6
       3
       3
       3
       7
       7
       7
       6
       1
       5
       8
       3
       3
       8
       2
       2
       8
       7
       5
       5
       5
       4
       6
       2
       3
       3
       5
       6
       5
       7
       5
       6
       4
      10
       7
      11
       7
       5
       3
       3
       7
       2
       6
       6
       4
       8
       6
       7
       4
       9
       6
       4
       3
       8
       3
       6
       6
       2
       7
       2
       7
       7
       8
       8
       5
       6
       3
       6
       6
       5
       2
       5
       3
       6
       2
       7
       2
       5
       5
       3
       4
       5
       2
       8
       9
       6
       6
       6
       3
       7
       6
       7
       8
       5
       8
       5
       5
       5
       6
       4
       9
       4
       6
       5
       4
       7
       3
       6
       8
       5
       6
      10
       6
       9
       4
       8
       8
       7
       8
       5
       5
       9
       6
       4
       6
       7
       5
       6
       5
       3
       2
       4
       4
       1
       6
       6
       5
       6
       4
       9
       7
       2
       4
       4
       4
       9
       5
       7
       4
       5
       7
       4
       3
       8
       6
       5
       7
       6
       5
       7
       5
       4
       4
       2
       2
       6
       6
       9
       5
       7
       5
       1
       8
       4
       7
       7
       2
       4
       3
       8
       9
       2
       7
       3
       6
       2
       5
       4
       4
       7
       6
       9
       5
       6
       8
       6
       5
       3
      10
       5
       5
       2
       2
       3
      10
       4
       3
       3
       4
      10
       9
       9
       1
       6
       0
       8
       6
       3
       7
       6
       6
       6
       4
       5
       5
       9
       5
       4
       3
       7
       5
      10
       5
       3
       3
       4
       6
       3
       4
       9
       5
       3
       5
       6
       6
       1
       2
       9
       3
       7
       8
       4
       4
       4
       8
       5
       8
       5
       2
       5
       6
       4
       5
       4
       7
       6
       8
       6
       6
       2
       5
       9
       5
       3
       4
       3
       5
       6
       6
       3
       3
       0
       3
       5
       3
       2
       2
       3
       7
       4
       3
       0
       5
       2
       2
       4
       6
       3
       4
       3
       3
       8
       7
       3
       4
       1
       2
       2
       2
       2
       6
       4
       3
       2
       6
       2
       3
       5
       3
       7
       1
       1
       4
       7
       2
       2
       1
       4
       4
       5
       2
       2
       1
       2
       5
       3
       5
       2
       5
       6
       2
       2
       3
       4
       1
       2
       4
       2
       0
       1
       1
       4
       4
       2
       2
       4
       1
       1
       1
       1
       0
       3
       1
       2
       1
       4
       1
       4
       1
       2
       1
       3
       3
       2
       3
       2
       1
       6
       2
       3
       7
       2
       5
       3
       1
       2
       3
       3
       2
       2
       3
       1
       2
       1
       3
       6
       1
       0
       4
       2
       2
       2
       2
       1
       3
       4
       1
       6
       4
       2
       1
       3
       3
       1
       2
       2
       5
       2
       1
       0
       1
       2
       2
       4
       4
       1
       3
       3
       3
       0
       1
       1
       0
       2
       2
       4
       3
       1
       2
       1
       1
       3
       1
       3
       3
       0
       4
       1
       3
       1
       3
       3
       3
       2
       0
       3
       1
       2
       1
       2
       1
       3
       1
       3
       2
       3
       0
       1
       0
       4
       4
       0
       2
       1
       1
       2
       1
       3
       1
       0
       4
       0
       0
       3
       1
       1
       4
       0
       3
       3
       2
       4
       3
       4
       2
       1
       2
       4
       2
       3
       1
       0
       1
       2
       2
       1
       0
       2
       1
       2
       1
       3
       0
       3
       1
       2
       1
       3
       2
       2
       1
       2
       1
       2
       3
       2
       1
       4
       2
       2
       1
       2
       2
       2
       2
       1
       6
       4
       5
       2
       3
       1
       3
       1
       3
       3
       3
       2
       1
       1
       2
       1
       0
       1
       0
       6
       2
       0
       1
       4
       2
       1
       1
       3
       1
       2
       6
       6
       1
       2
       1
       1
       1
       3
       0
       3
       0
       0
       0
       1
       4
       2
       1
       2
       1
       1
       0
       0
       0
       5
       1
       4
       3
       1
       1
       0
       3
       0
       1
       1
       1
       1
       0
       2
       2
       3
       3
       0
       2
       1
       0
       1
       2
       2
       2
       2
       1
       0
       2
       1
       3
       4
       1
       1
       2
       1
       0
       1
       3
       0
       1
       0
       1
       0
       2
       0
       2
       1
       1
       1
       0
       1
       2
       1
       1
       2
       6
       0
       1
       1
       2
       2
       2
       0
       2
       1
       1
       2
       2
       1
       2
       2
       3
       3
       2
       1
       0
       3
       1
       1
       0
       1
       0
       2
       2
       0
       1
       2
       2
       2
       2
       1
       1
       2
       1
       2
       2
       1
       0
       2
       2
       1
       3
       1
       2
       2
       3
       3
       3
       1
       1
       1
       1
       1
       0
       0
       2
       1
       2
       2
       2
       1
       1
       0
       3
       3
       3
       4
       0
       0
       3
       3
       3
       2
       1
       4
       3
       1
       1
       0
       1
       1
       3
       2
       2
       0
       1
       1
       1
       3
       2
       2
       0
       1
       0
       0
       0
       0
       0
       0
       0
       0
       0
       0
       0
       0
       0
       0
       0
       0
       0
       0
       0
       0
       0
       0
       0
       0
       0
       0
       0
       0
       0
       0
       0
       0
$ROI:
0
$PRESETS:
None
0
0
$ENER_FIT:
0.000000 2.049536
$MCA_CAL:
3
0.000000E+000 2.049536E+000 0.000000E+000 keV
$SHAPE_CAL:
3
0.000000E+000 0.000000E+000 0.000000E+000
