$SPEC_ID:
Recoil
$SPEC_REM:
DET# 2
DETDESC# JLAB-11 MCB 134
AP# Maestro Version 7.01
$DATE_MEA:
03/05/2026 09:36:50
$MEAS_TIM:
678 745
$DATA:
0 2047
       0
       0
       0
       0
       0
       0
       0
       0
       0
       0
       0
       0
       0
       0
       0
       0
       0
       0
       0
       0
       0
       0
       0
       0
       0
       0
       0
       0
       0
       0
       0
       0
       0
       0
       0
       0
       0
       0
       0
       0
       0
       0
       0
       0
       0
       0
       0
       0
       0
       0
       0
       0
       0
       0
       0
       0
       0
       0
       0
       0
       0
       0
       0
       0
       0
       0
       0
       0
       0
       2
       0
       1
       7
      26
     250
    2171
    2272
    2111
    2200
    2213
    2066
    2035
    2033
    2162
    2077
    2086
    2065
    2034
    2059
    1947
    1925
    1888
    1905
    2015
    1965
    1865
    1994
    1971
    1921
    1891
    1981
    1909
    1912
    1869
    1913
    1927
    1908
    1938
    1938
    1851
    1796
    1959
    1897
    1876
    1910
    1963
    1919
    1918
    1946
    1872
    1874
    1932
    1895
    1925
    1939
    1915
    2023
    1985
    1900
    1942
    1919
    1902
    2030
    1954
    1959
    1943
    1977
    1997
    2066
    1989
    1856
    1985
    2042
    1958
    1965
    1960
    1986
    2018
    1949
    1924
    2022
    2046
    1997
    2090
    1974
    2045
    2008
    2051
    2021
    2074
    2070
    2071
    1985
    2003
    2056
    2044
    2075
    2108
    2197
    2102
    2090
    2072
    2077
    2173
    2095
    2098
    2129
    2059
    2147
    2130
    2133
    2132
    2070
    2201
    2177
    2199
    2212
    2179
    2154
    2125
    2114
    2215
    2230
    2171
    2176
    2165
    2168
    2252
    2264
    2251
    2310
    2304
    2277
    2256
    2335
    2324
    2377
    2232
    2213
    2289
    2343
    2315
    2327
    2363
    2412
    2229
    2255
    2353
    2323
    2332
    2257
    2354
    2298
    2304
    2355
    2302
    2277
    2411
    2358
    2319
    2299
    2381
    2332
    2307
    2297
    2362
    2405
    2357
    2300
    2363
    2401
    2382
    2454
    2417
    2437
    2392
    2370
    2310
    2370
    2316
    2416
    2311
    2464
    2433
    2431
    2428
    2395
    2429
    2461
    2334
    2463
    2468
    2406
    2497
    2463
    2470
    2464
    2501
    2534
    2440
    2482
    2437
    2500
    2445
    2418
    2483
    2453
    2369
    2464
    2504
    2441
    2580
    2547
    2483
    2572
    2570
    2559
    2591
    2558
    2527
    2677
    2570
    2426
    2530
    2603
    2658
    2645
    2641
    2594
    2571
    2630
    2595
    2670
    2587
    2618
    2653
    2612
    2672
    2671
    2684
    2672
    2677
    2664
    2724
    2642
    2702
    2668
    2703
    2644
    2718
    2632
    2686
    2637
    2673
    2691
    2686
    2784
    2681
    2775
    2745
    2686
    2728
    2765
    2763
    2731
    2701
    2741
    2691
    2708
    2800
    2757
    2673
    2682
    2685
    2715
    2764
    2694
    2713
    2746
    2798
    2748
    2808
    2751
    2871
    2742
    2714
    2816
    2721
    2756
    2792
    2763
    2816
    2730
    2774
    2768
    2746
    2752
    2867
    2792
    2858
    2794
    2773
    2887
    2754
    2770
    2793
    2850
    2766
    2669
    2877
    2800
    2803
    2805
    2814
    2860
    2760
    2778
    2877
    2843
    2867
    2758
    2868
    2846
    2888
    2833
    2898
    2843
    2894
    2907
    2898
    2824
    2874
    2877
    2873
    2900
    2907
    2944
    3000
    2915
    2976
    2882
    2903
    2761
    2902
    2866
    3043
    2877
    2937
    2827
    2954
    3012
    2914
    2899
    2908
    2959
    2990
    3037
    3019
    3123
    3029
    3091
    3119
    2978
    3115
    3178
    3054
    3087
    3179
    3191
    3244
    3162
    3313
    3229
    3298
    3252
    3227
    3280
    3316
    3200
    3316
    3333
    3341
    3347
    3293
    3318
    3369
    3421
    3462
    3360
    3375
    3481
    3440
    3454
    3502
    3504
    3558
    3471
    3519
    3444
    3606
    3473
    3571
    3483
    3398
    3558
    3535
    3501
    3486
    3587
    3458
    3518
    3598
    3625
    3585
    3621
    3611
    3626
    3532
    3547
    3446
    3575
    3438
    3575
    3589
    3581
    3501
    3699
    3613
    3513
    3590
    3519
    3516
    3566
    3559
    3604
    3469
    3566
    3536
    3460
    3555
    3507
    3475
    3460
    3600
    3501
    3409
    3469
    3430
    3496
    3441
    3345
    3405
    3427
    3442
    3334
    3420
    3268
    3327
    3308
    3414
    3388
    3362
    3282
    3394
    3293
    3326
    3368
    3339
    3203
    3332
    3337
    3326
    3235
    3265
    3236
    3248
    3256
    3254
    3242
    3222
    3346
    3332
    3267
    3218
    3232
    3238
    3325
    3328
    3242
    3261
    3236
    3190
    3239
    3276
    3151
    3143
    3155
    3156
    3245
    3068
    3177
    3141
    3183
    3219
    3129
    3139
    3099
    3088
    3053
    3114
    3087
    3113
    3071
    3075
    3012
    3131
    3109
    3083
    3095
    3013
    3054
    3087
    3047
    3037
    3030
    3063
    3055
    3076
    3059
    3009
    2978
    3038
    3005
    2963
    3099
    3051
    3060
    2878
    3008
    3017
    3021
    3024
    2909
    2991
    2851
    3018
    2996
    3055
    2915
    2915
    2975
    2881
    2939
    3029
    2785
    2929
    2977
    2910
    2859
    2924
    2855
    2862
    3000
    2931
    2882
    2847
    2942
    2892
    2781
    2965
    2902
    2929
    2887
    2834
    2848
    2836
    2833
    2757
    2782
    2775
    2821
    2872
    2928
    2744
    2810
    2730
    2795
    2805
    2753
    2843
    2745
    2814
    2898
    2823
    2777
    2774
    2773
    2698
    2749
    2766
    2673
    2761
    2763
    2801
    2665
    2783
    2732
    2704
    2695
    2655
    2700
    2706
    2693
    2658
    2684
    2728
    2580
    2667
    2616
    2725
    2608
    2614
    2599
    2606
    2725
    2640
    2589
    2634
    2647
    2719
    2615
    2680
    2569
    2674
    2539
    2687
    2679
    2684
    2631
    2549
    2625
    2583
    2666
    2541
    2586
    2587
    2564
    2640
    2517
    2501
    2605
    2527
    2604
    2537
    2589
    2579
    2587
    2696
    2525
    2616
    2536
    2435
    2475
    2489
    2474
    2604
    2520
    2566
    2569
    2529
    2537
    2459
    2610
    2478
    2470
    2535
    2542
    2451
    2541
    2491
    2517
    2427
    2480
    2458
    2443
    2396
    2484
    2516
    2438
    2481
    2479
    2416
    2460
    2441
    2375
    2373
    2376
    2391
    2466
    2345
    2461
    2299
    2382
    2345
    2408
    2347
    2436
    2323
    2364
    2341
    2338
    2309
    2371
    2357
    2335
    2292
    2337
    2335
    2266
    2190
    2295
    2307
    2225
    2293
    2209
    2308
    2295
    2277
    2252
    2192
    2285
    2236
    2207
    2288
    2155
    2298
    2209
    2168
    2235
    2109
    2238
    2151
    2123
    2153
    2130
    2163
    2092
    2101
    2104
    2078
    2140
    1993
    2081
    2148
    2158
    2058
    2039
    2071
    2020
    1963
    2070
    2064
    1987
    1923
    2040
    1984
    1997
    1972
    1970
    1900
    2026
    1946
    1872
    1923
    1960
    1877
    1884
    1874
    1799
    1881
    1910
    1887
    1944
    1778
    1857
    1796
    1843
    1801
    1797
    1707
    1717
    1782
    1759
    1618
    1746
    1818
    1693
    1730
    1694
    1690
    1669
    1700
    1656
    1704
    1699
    1682
    1660
    1633
    1639
    1735
    1628
    1642
    1719
    1645
    1544
    1668
    1652
    1682
    1592
    1546
    1599
    1584
    1606
    1577
    1623
    1537
    1558
    1550
    1577
    1495
    1634
    1470
    1521
    1519
    1546
    1542
    1507
    1495
    1513
    1592
    1529
    1493
    1508
    1487
    1527
    1507
    1512
    1537
    1503
    1498
    1539
    1533
    1432
    1501
    1521
    1448
    1476
    1411
    1450
    1433
    1414
    1421
    1447
    1456
    1437
    1413
    1465
    1388
    1401
    1467
    1445
    1453
    1456
    1399
    1389
    1421
    1448
    1426
    1434
    1420
    1482
    1419
    1366
    1377
    1398
    1345
    1406
    1437
    1405
    1398
    1421
    1416
    1397
    1350
    1389
    1347
    1426
    1349
    1414
    1354
    1358
    1388
    1394
    1365
    1325
    1347
    1313
    1394
    1288
    1353
    1358
    1347
    1365
    1303
    1391
    1446
    1383
    1368
    1390
    1349
    1337
    1375
    1328
    1325
    1338
    1356
    1338
    1289
    1316
    1332
    1325
    1330
    1330
    1332
    1333
    1343
    1390
    1301
    1358
    1323
    1345
    1317
    1334
    1235
    1330
    1327
    1328
    1300
    1283
    1269
    1341
    1327
    1358
    1273
    1303
    1297
    1327
    1381
    1376
    1299
    1287
    1332
    1270
    1293
    1338
    1302
    1361
    1340
    1267
    1323
    1355
    1317
    1373
    1370
    1322
    1294
    1362
    1330
    1282
    1346
    1371
    1399
    1369
    1293
    1294
    1300
    1346
    1343
    1322
    1362
    1320
    1399
    1261
    1322
    1317
    1274
    1331
    1326
    1319
    1313
    1281
    1343
    1272
    1370
    1315
    1322
    1329
    1360
    1399
    1319
    1419
    1298
    1323
    1300
    1360
    1302
    1312
    1359
    1373
    1361
    1298
    1349
    1368
    1388
    1383
    1396
    1334
    1367
    1352
    1368
    1336
    1391
    1378
    1418
    1432
    1424
    1380
    1357
    1417
    1446
    1415
    1402
    1412
    1416
    1405
    1472
    1372
    1424
    1432
    1473
    1400
    1412
    1394
    1426
    1412
    1437
    1424
    1414
    1439
    1398
    1443
    1540
    1479
    1481
    1456
    1544
    1534
    1526
    1451
    1492
    1481
    1528
    1521
    1514
    1590
    1516
    1502
    1617
    1616
    1592
    1623
    1562
    1639
    1608
    1598
    1698
    1659
    1724
    1704
    1673
    1693
    1746
    1775
    1887
    1845
    1839
    1804
    1826
    1974
    1929
    1855
    2032
    2064
    2030
    2079
    2114
    2165
    2197
    2230
    2179
    2311
    2284
    2312
    2345
    2498
    2460
    2434
    2544
    2559
    2552
    2680
    2805
    2770
    2707
    2787
    2895
    2943
    3037
    3079
    3038
    3269
    3172
    3220
    3265
    3420
    3422
    3481
    3546
    3644
    3665
    3828
    3697
    3851
    3932
    3928
    4024
    4171
    4207
    4278
    4292
    4422
    4422
    4637
    4671
    4784
    4640
    4814
    4844
    5040
    5060
    5087
    5143
    5294
    5237
    5395
    5360
    5454
    5423
    5589
    5682
    5782
    5758
    5812
    5957
    6003
    5812
    6159
    6221
    6270
    6311
    6414
    6554
    6439
    6469
    6590
    6463
    6615
    6517
    6730
    6724
    6830
    6818
    6773
    6960
    6765
    7018
    6911
    6955
    7054
    6914
    7068
    7035
    7031
    7049
    7136
    7189
    7143
    7097
    7058
    7161
    7063
    7131
    7080
    7132
    6896
    6917
    7138
    6947
    6904
    6895
    6786
    6903
    6768
    6811
    6706
    6643
    6697
    6681
    6682
    6493
    6513
    6429
    6173
    6351
    6369
    6183
    6220
    6095
    5949
    6120
    5919
    5866
    5836
    5840
    5579
    5563
    5533
    5454
    5516
    5335
    5190
    5218
    5200
    5192
    5010
    4988
    5064
    4848
    4816
    4720
    4624
    4577
    4608
    4508
    4502
    4404
    4308
    4202
    4168
    4182
    4050
    3953
    3916
    3895
    3803
    3803
    3876
    3762
    3586
    3548
    3513
    3366
    3370
    3371
    3288
    3270
    3268
    3159
    3015
    2955
    2976
    2941
    2845
    2850
    2746
    2724
    2743
    2719
    2592
    2555
    2577
    2439
    2364
    2377
    2252
    2293
    2275
    2209
    2143
    2154
    2059
    2037
    2024
    1919
    1949
    1939
    1917
    1858
    1828
    1694
    1747
    1736
    1695
    1651
    1660
    1558
    1505
    1523
    1486
    1533
    1378
    1378
    1445
    1309
    1409
    1267
    1294
    1258
    1336
    1284
    1169
    1188
    1145
    1082
    1138
    1081
    1047
    1058
    1055
    1063
    1004
    1049
    1030
     967
     926
     943
     952
     930
     928
     927
     906
     888
     844
     877
     834
     898
     861
     804
     853
     823
     783
     776
     858
     814
     732
     820
     799
     778
     755
     767
     759
     760
     704
     721
     725
     748
     708
     721
     743
     747
     724
     693
     718
     737
     714
     716
     710
     745
     748
     690
     714
     698
     718
     705
     669
     719
     649
     690
     682
     693
     698
     757
     698
     695
     683
     708
     697
     664
     697
     714
     699
     695
     703
     716
     704
     738
     709
     674
     725
     700
     711
     702
     677
     674
     718
     737
     719
     687
     723
     731
     682
     650
     699
     749
     714
     719
     736
     696
     683
     775
     709
     724
     709
     706
     702
     750
     726
     729
     734
     700
     778
     736
     742
     743
     752
     767
     746
     767
     716
     772
     744
     790
     776
     733
     758
     737
     790
     814
     796
     808
     822
     815
     804
     812
     837
     795
     873
     838
     877
     809
     872
     803
     835
     845
     846
     883
     819
     869
     858
     881
     891
     855
     901
     860
     920
     854
     839
     917
     894
     844
     919
     956
     937
     891
     889
     964
     886
     863
     895
     948
     938
     908
     904
     986
     919
     958
     887
     940
     940
     949
     919
     877
     887
     963
     966
     973
     976
     995
    1018
     957
     909
    1007
     899
     981
     949
    1017
     922
     910
     980
     900
     979
    1004
     910
     939
     957
     982
     915
     899
     910
     956
     933
     913
     927
     906
     892
     903
     937
     886
     954
     888
     920
     858
     959
     884
     932
     843
     827
     853
     906
     868
     839
     854
     860
     852
     831
     863
     853
     847
     846
     834
     828
     850
     872
     767
     804
     841
     800
     743
     825
     812
     763
     793
     730
     755
     788
     751
     759
     748
     672
     771
     745
     734
     687
     728
     739
     684
     715
     733
     723
     706
     678
     734
     681
     693
     679
     700
     647
     734
     680
     669
     703
     644
     684
     660
     679
     687
     704
     657
     710
     643
     626
     645
     625
     655
     672
     667
     558
     597
     634
     635
     589
     644
     581
     652
     607
     585
     619
     603
     568
     592
     605
     576
     598
     591
     596
     579
     586
     608
     584
     583
     585
     543
     581
     598
     535
     556
     560
     549
     585
     594
     549
     569
     540
     553
     551
     576
     522
     545
     532
     534
     570
     493
     536
     585
     540
     593
     543
     541
     510
     462
     502
     520
     527
     478
     476
     532
     500
     526
     491
     529
     508
     528
     497
     522
     462
     487
     475
     537
     493
     499
     529
     539
     522
     504
     492
     491
     506
     509
     470
     472
     461
     470
     511
     519
     469
     499
     468
     535
     497
     456
     496
     454
     424
     476
     489
     475
     484
     490
     483
     510
     434
     476
     484
     463
     446
     491
     466
     519
     476
     450
     459
     467
     484
     475
     458
     471
     439
     467
     483
     468
     441
     465
     436
     475
     492
     477
     456
     494
     503
     490
     460
     475
     457
     429
     461
     474
     493
     475
     452
     461
     451
     476
     451
     468
     440
     463
     493
     452
     469
     464
     440
     415
     461
     450
     477
     462
     459
     447
     445
     437
     447
     438
     474
     480
     489
     439
     444
     440
     482
     451
     452
     479
     418
     435
     463
     454
     425
     465
     459
     417
     433
     507
     444
     485
     428
     454
     434
     450
     431
     455
     450
     506
     440
     439
     447
     461
     440
     441
     455
     465
     468
     438
     452
     476
     433
     447
     458
     460
     431
     438
     478
     459
     461
     431
     473
     412
     444
     433
     462
     447
     469
     434
     455
     466
     455
     466
     473
     456
     446
     477
     460
     426
     452
     436
     438
     425
     434
     525
     428
     438
     435
     453
     404
     422
     444
     435
     437
     421
     446
     432
     455
     453
     470
     447
     452
     444
     467
     458
     452
     444
     472
     448
     463
     467
     466
     475
     448
     449
     405
     398
     474
     454
     460
     442
     477
     479
     481
     466
     412
     447
     444
     403
     441
     456
     466
     420
     421
     477
     434
     473
     440
     414
     484
     488
     448
     429
       0
       0
       0
       0
       0
       0
       0
       0
       0
       0
       0
       0
       0
       0
       0
       0
       0
       0
       0
       0
       0
       0
       0
       0
       0
       0
       0
       0
       0
       0
       0
       0
$ROI:
0
$PRESETS:
None
0
0
$ENER_FIT:
0.000000 2.049532
$MCA_CAL:
3
0.000000E+000 2.049532E+000 0.000000E+000 keV
$SHAPE_CAL:
3
0.000000E+000 0.000000E+000 0.000000E+000
