$SPEC_ID:
Scatter
$SPEC_REM:
DET# 1
DETDESC# JLAB-11 MCB 133
AP# Maestro Version 7.01
$DATE_MEA:
03/03/2026 16:44:08
$MEAS_TIM:
185 211
$DATA:
0 2047
       0
       0
       0
       0
       0
       0
       0
       0
       0
       0
       0
       0
       0
       0
       0
       0
       0
       0
       0
       0
       0
       0
       0
       0
       0
       0
       0
       0
       0
       0
       0
       0
       0
       0
       0
       0
       0
       0
       0
       0
       0
       0
       0
       0
       0
       0
       0
       0
       0
       0
       0
       0
       0
       0
       0
       0
       0
       0
       0
       0
       0
       0
       0
       0
       0
       0
       0
       0
       0
       0
       5
      18
     426
    1107
    1098
    1136
    1012
     963
     984
     983
     979
    1000
     919
     897
     928
     879
     879
     882
     906
     839
     872
     884
     908
     892
     891
     874
     874
     848
     845
     870
     850
     898
     850
     855
     815
     829
     882
     854
     842
     902
     808
     833
     828
     819
     866
     847
     856
     837
     894
     904
     832
     848
     812
     852
     867
     784
     914
     833
     866
     843
     819
     882
     861
     851
     811
     850
     795
     875
     837
     873
     887
     905
     838
     892
     897
     820
     930
     855
     894
     824
     895
     902
     886
     886
     868
     830
     913
     944
     866
     936
     909
     890
     939
     910
     871
     873
     894
     884
     892
     929
     869
     904
     912
     922
     904
     934
    1006
     877
     842
     903
     886
     877
     942
     938
     987
     945
     922
     895
     890
     875
     906
     935
     931
     923
     925
     908
     905
     954
     924
     945
     932
    1010
     955
     976
     957
     902
     897
     922
     908
     972
     988
    1001
     947
     941
     988
    1006
     962
     931
     979
     972
     974
     934
     985
    1008
     974
     997
    1027
     961
     917
     977
     952
     965
     979
     955
     957
     918
     950
     947
    1070
     985
     934
     992
     953
     940
     974
    1023
     977
     930
     970
    1022
     979
    1002
     967
     958
     947
    1021
     968
     934
    1000
     949
    1045
     981
     971
    1023
    1041
    1019
    1028
    1031
    1005
    1007
    1051
    1017
    1013
     968
    1009
     959
    1040
     982
    1062
    1018
     976
    1001
    1033
    1012
    1068
    1059
    1021
     994
    1065
    1002
    1035
    1040
    1002
    1008
    1017
     980
    1046
    1072
    1055
    1029
    1043
    1010
     973
    1062
    1015
    1075
    1093
    1057
    1068
    1050
    1111
    1054
    1031
    1031
    1084
    1059
    1106
     972
    1059
    1064
    1012
    1063
    1005
    1104
    1116
    1117
    1081
    1094
    1153
    1068
    1061
    1108
    1090
    1169
    1080
    1109
    1023
    1106
    1051
    1076
    1064
    1115
    1070
    1100
    1098
    1062
    1079
    1082
    1121
    1108
    1064
    1093
    1111
    1134
    1111
    1078
    1061
    1069
    1105
    1131
    1123
    1118
    1076
    1098
    1123
    1072
    1055
    1073
    1155
    1091
    1164
    1159
    1173
    1119
    1124
    1172
    1144
    1225
    1109
    1123
    1166
    1103
    1159
    1144
    1116
    1116
    1161
    1172
    1114
    1102
    1183
    1213
    1236
    1230
    1146
    1222
    1206
    1214
    1170
    1167
    1241
    1208
    1190
    1230
    1274
    1253
    1184
    1273
    1247
    1300
    1322
    1379
    1324
    1222
    1276
    1275
    1304
    1287
    1262
    1302
    1379
    1302
    1325
    1380
    1365
    1338
    1371
    1373
    1345
    1281
    1338
    1369
    1422
    1337
    1469
    1354
    1354
    1383
    1375
    1305
    1358
    1320
    1369
    1358
    1376
    1344
    1354
    1439
    1392
    1354
    1356
    1319
    1355
    1327
    1337
    1363
    1383
    1327
    1385
    1386
    1377
    1356
    1352
    1339
    1307
    1376
    1394
    1376
    1334
    1322
    1388
    1348
    1343
    1381
    1267
    1362
    1328
    1320
    1351
    1293
    1326
    1329
    1349
    1349
    1364
    1386
    1334
    1342
    1352
    1303
    1327
    1263
    1264
    1311
    1336
    1345
    1304
    1291
    1347
    1252
    1317
    1336
    1323
    1304
    1303
    1310
    1343
    1316
    1288
    1296
    1266
    1340
    1310
    1262
    1347
    1277
    1236
    1321
    1350
    1322
    1231
    1312
    1233
    1224
    1283
    1331
    1169
    1275
    1280
    1279
    1261
    1284
    1267
    1275
    1234
    1283
    1191
    1260
    1300
    1254
    1265
    1329
    1264
    1277
    1217
    1263
    1218
    1221
    1271
    1239
    1168
    1183
    1163
    1255
    1201
    1264
    1232
    1187
    1216
    1246
    1230
    1127
    1244
    1197
    1205
    1204
    1233
    1223
    1117
    1224
    1164
    1173
    1163
    1170
    1208
    1133
    1218
    1125
    1175
    1162
    1115
    1089
    1135
    1150
    1185
    1160
    1154
    1175
    1152
    1123
    1173
    1206
    1083
    1115
    1127
    1115
    1093
    1098
    1100
    1110
    1155
    1108
    1086
    1102
    1081
    1133
    1057
    1096
    1106
    1066
    1166
    1129
    1060
    1059
    1069
    1088
    1091
    1100
    1124
    1124
    1094
    1019
    1046
    1118
    1028
    1068
    1063
    1058
    1099
    1035
    1049
    1056
    1077
    1026
    1030
    1028
    1049
    1056
    1108
    1019
    1078
    1007
    1076
     971
    1054
    1027
    1060
    1046
    1025
    1070
    1020
     986
     947
    1007
    1019
    1031
     993
     989
    1004
    1057
     985
    1067
     977
    1017
    1065
    1061
    1015
    1014
     965
     976
    1028
    1016
    1061
     943
    1002
    1029
     989
    1005
     964
     933
     997
     981
     984
     973
     991
    1019
     951
    1008
     989
     976
     971
    1012
    1009
     959
     994
    1010
     968
     978
     981
     979
     941
     998
    1010
     927
     922
    1045
     948
     996
     923
    1021
     962
     948
     966
     917
     915
     953
     932
     925
     967
     924
     933
     987
     937
     982
     933
     935
     962
     935
     885
     939
     885
     923
     892
    1000
     861
     920
     873
     941
     877
     928
     889
     885
     898
     861
     907
     875
     901
     885
     880
     866
     866
     869
     904
     898
     865
     829
     848
     845
     857
     865
     841
     821
     792
     814
     824
     845
     801
     798
     809
     787
     772
     794
     770
     750
     744
     781
     754
     738
     734
     674
     745
     712
     719
     756
     752
     717
     727
     677
     660
     653
     672
     654
     682
     700
     693
     673
     690
     646
     672
     674
     681
     639
     682
     661
     622
     691
     658
     606
     596
     654
     633
     645
     603
     592
     563
     592
     610
     617
     590
     598
     614
     604
     610
     629
     573
     550
     539
     555
     574
     586
     584
     581
     521
     536
     548
     524
     612
     533
     545
     573
     546
     582
     535
     539
     544
     515
     541
     520
     555
     508
     536
     506
     548
     526
     533
     508
     514
     514
     507
     500
     520
     509
     494
     493
     516
     494
     499
     486
     472
     473
     537
     531
     495
     525
     511
     442
     471
     485
     479
     433
     476
     474
     466
     484
     455
     485
     477
     451
     498
     514
     476
     502
     491
     449
     472
     467
     459
     491
     484
     488
     451
     478
     461
     492
     472
     510
     492
     473
     459
     483
     445
     433
     458
     439
     452
     491
     472
     490
     470
     461
     472
     509
     484
     429
     476
     456
     470
     471
     427
     414
     478
     492
     445
     457
     445
     444
     456
     446
     445
     488
     436
     427
     469
     453
     412
     463
     461
     438
     453
     471
     430
     471
     485
     475
     440
     442
     463
     459
     447
     441
     429
     460
     467
     465
     452
     464
     445
     470
     464
     465
     474
     496
     508
     459
     440
     469
     475
     465
     488
     429
     469
     429
     467
     475
     504
     486
     474
     471
     432
     461
     508
     434
     482
     475
     467
     494
     497
     487
     502
     489
     483
     480
     406
     502
     439
     486
     519
     451
     473
     490
     467
     476
     454
     482
     487
     495
     465
     514
     534
     489
     482
     455
     535
     479
     488
     505
     458
     534
     501
     501
     504
     480
     506
     472
     543
     512
     504
     533
     494
     529
     520
     495
     512
     516
     590
     531
     549
     549
     547
     508
     548
     543
     581
     558
     542
     536
     575
     605
     599
     590
     582
     630
     666
     605
     596
     637
     656
     646
     644
     703
     656
     667
     725
     729
     648
     727
     723
     825
     721
     791
     807
     823
     857
     832
     861
     900
     871
     943
     868
     878
     965
    1024
    1031
    1013
    1056
    1025
    1113
    1085
    1128
    1140
    1303
    1178
    1202
    1290
    1316
    1293
    1346
    1338
    1366
    1435
    1432
    1500
    1542
    1590
    1627
    1594
    1717
    1790
    1765
    1786
    1881
    1896
    1900
    1914
    2027
    1960
    1984
    2185
    2112
    2255
    2207
    2392
    2286
    2358
    2438
    2427
    2461
    2502
    2561
    2612
    2705
    2687
    2780
    2847
    2762
    2893
    2955
    3007
    3055
    2983
    3091
    3229
    3257
    3262
    3229
    3312
    3308
    3302
    3488
    3357
    3535
    3634
    3509
    3532
    3718
    3774
    3773
    3743
    3803
    3763
    3750
    3926
    3838
    3851
    3857
    3875
    4068
    3857
    3859
    3873
    4004
    3800
    3951
    3997
    4040
    4028
    3963
    4031
    3999
    3979
    3921
    4050
    3836
    3854
    3820
    3890
    3769
    3788
    3783
    3855
    3745
    3645
    3748
    3725
    3667
    3633
    3527
    3486
    3530
    3516
    3464
    3314
    3285
    3363
    3247
    3119
    3136
    3112
    3086
    3054
    2959
    2831
    2946
    2871
    2829
    2681
    2661
    2532
    2513
    2491
    2390
    2399
    2291
    2258
    2358
    2291
    2158
    2023
    1971
    2009
    1947
    1845
    1812
    1789
    1694
    1652
    1596
    1599
    1496
    1582
    1467
    1429
    1396
    1322
    1337
    1266
    1210
    1244
    1167
    1044
    1092
     985
     951
     939
     896
     909
     840
     854
     816
     792
     757
     740
     737
     700
     621
     645
     682
     618
     575
     562
     536
     550
     494
     469
     466
     499
     447
     444
     427
     376
     428
     384
     387
     358
     361
     354
     355
     327
     316
     307
     321
     287
     283
     294
     292
     267
     281
     258
     255
     263
     265
     271
     266
     253
     262
     224
     247
     230
     235
     229
     259
     231
     249
     234
     236
     229
     234
     224
     226
     222
     200
     216
     205
     210
     212
     209
     234
     229
     217
     204
     225
     189
     209
     207
     235
     211
     194
     205
     215
     199
     230
     223
     211
     218
     208
     235
     210
     206
     211
     211
     202
     240
     211
     197
     217
     232
     210
     200
     212
     230
     222
     231
     194
     213
     204
     217
     212
     208
     232
     218
     220
     209
     185
     222
     207
     205
     212
     201
     200
     186
     220
     215
     205
     204
     207
     186
     204
     219
     211
     236
     221
     210
     218
     218
     171
     178
     184
     215
     208
     188
     204
     216
     217
     204
     202
     233
     214
     189
     178
     189
     197
     209
     200
     217
     235
     202
     198
     220
     192
     201
     190
     186
     208
     215
     195
     190
     195
     210
     205
     224
     199
     202
     170
     196
     188
     194
     210
     229
     184
     216
     201
     200
     197
     180
     209
     199
     209
     188
     195
     222
     199
     199
     224
     193
     206
     196
     197
     210
     165
     217
     204
     211
     208
     215
     195
     191
     186
     179
     193
     199
     190
     208
     202
     198
     185
     195
     191
     184
     207
     214
     198
     194
     206
     202
     206
     190
     207
     184
     197
     167
     182
     212
     189
     194
     200
     191
     193
     191
     218
     186
     212
     218
     208
     197
     177
     187
     212
     217
     221
     207
     214
     215
     216
     188
     220
     185
     210
     195
     195
     210
     224
     206
     212
     180
     206
     179
     177
     215
     174
     205
     206
     233
     209
     194
     196
     177
     204
     203
     217
     199
     191
     185
     207
     212
     205
     187
     193
     218
     202
     187
     203
     184
     209
     205
     213
     208
     195
     174
     216
     191
     185
     215
     201
     184
     198
     201
     204
     179
     198
     218
     186
     202
     200
     209
     188
     204
     215
     203
     184
     206
     213
     200
     218
     210
     208
     209
     209
     197
     181
     204
     216
     189
     215
     211
     188
     185
     200
     185
     195
     202
     193
     185
     192
     221
     179
     195
     168
     189
     176
     206
     207
     191
     221
     208
     233
     203
     221
     205
     190
     190
     197
     202
     177
     194
     222
     155
     198
     182
     177
     193
     191
     181
     197
     188
     179
     181
     194
     204
     187
     191
     198
     211
     175
     195
     175
     203
     195
     199
     194
     202
     182
     198
     203
     197
     173
     186
     165
     197
     175
     171
     208
     183
     185
     170
     182
     208
     211
     184
     185
     192
     186
     185
     201
     172
     195
     181
     196
     182
     201
     188
     158
     188
     182
     180
     172
     183
     161
     184
     176
     199
     177
     191
     226
     169
     181
     182
     191
     175
     172
     219
     193
     195
     198
     181
     181
     187
     201
     183
     180
     179
     166
     177
     193
     188
     174
     196
     173
     190
     180
     190
     156
     177
     211
     180
     156
     173
     184
     183
     195
     194
     180
     196
     187
     183
     210
     167
     184
     179
     158
     166
     185
     166
     157
     194
     194
     199
     171
     208
     189
     176
     160
     158
     187
     190
     177
     191
     182
     175
     193
     172
     184
     197
     192
     173
     149
     190
     208
     188
     170
     181
     191
     167
     196
     197
     191
     203
     190
     198
     159
     172
     183
     159
     180
     202
     214
     179
     195
     165
     187
     179
     178
     188
     169
     160
     171
     167
     177
     187
     188
     192
     172
     206
     208
     203
     161
     178
     195
     217
     171
     203
     198
     208
     180
     169
     189
     169
     161
     178
     170
     194
     172
     164
     186
     194
     181
     178
     189
     182
     198
     193
     183
     175
     180
     186
     162
     179
     183
     176
     205
     162
     211
     189
     207
     204
     192
     154
     160
     179
     170
     193
     209
     201
     205
     160
     182
     191
     164
     169
     191
     161
     179
     193
     185
     166
     173
     182
     208
     173
     187
     178
     169
     210
     192
     178
     197
     177
     202
     192
     167
     169
     184
     186
     169
     174
     188
     175
     170
     182
     168
     162
     146
     181
     180
     176
     197
     162
     180
     172
     180
     191
     185
     187
     181
     173
     183
     168
     185
     170
     188
     171
     196
     182
     195
     180
     199
     177
     212
     182
     199
     211
     184
     169
     190
     197
     166
     179
     171
     166
     211
     210
     155
     177
     176
     181
     178
     173
     178
     204
     177
     165
     164
     178
     173
     182
     160
     189
     183
     184
     184
     197
     164
     180
     165
     177
     177
     201
     231
     169
     168
     221
     185
     162
     181
     179
     162
     167
     161
     179
     187
     158
     192
     206
     190
     197
     180
     163
     188
     172
     192
     169
     168
     171
     172
     164
     179
     172
     190
     168
     193
     197
     171
     191
     177
     164
     182
     200
     166
     179
     171
     201
     183
     209
     183
     196
     172
     180
       0
       0
       0
       0
       0
       0
       0
       0
       0
       0
       0
       0
       0
       0
       0
       0
       0
       0
       0
       0
       0
       0
       0
       0
       0
       0
       0
       0
       0
       0
       0
       0
$ROI:
0
$PRESETS:
None
0
0
$ENER_FIT:
0.000000 2.049536
$MCA_CAL:
3
0.000000E+000 2.049536E+000 0.000000E+000 keV
$SHAPE_CAL:
3
0.000000E+000 0.000000E+000 0.000000E+000
