$SPEC_ID:
Scatter
$SPEC_REM:
DET# 1
DETDESC# JLAB-11 MCB 133
AP# Maestro Version 7.01
$DATE_MEA:
03/10/2026 10:08:56
$MEAS_TIM:
1824 1834
$DATA:
0 2047
       0
       0
       0
       0
       0
       0
       0
       0
       0
       0
       0
       0
       0
       0
       0
       0
       0
       0
       0
       0
       0
       0
       0
       0
       0
       0
       0
       0
       0
       0
       0
       0
       0
       0
       0
       0
       0
       0
       0
       0
       0
       0
       0
       0
       0
       0
       0
       0
       0
       0
       0
       0
       0
       0
       0
       0
       0
       0
       0
       0
       0
       0
       0
       0
       0
       0
       0
       0
       0
       0
       0
       0
       0
       0
       0
       0
       0
       0
       0
       0
       0
       0
       0
       0
       0
       0
       0
       0
       0
       0
       0
       0
       0
       0
       0
       0
       0
       0
       0
       0
       0
       0
       0
       0
       0
       0
       0
       0
       0
       0
       0
       0
       0
       0
       0
       0
       0
       0
       0
       0
       0
       0
       0
       0
       0
       0
       0
       0
       0
       0
       0
       0
       0
       0
       0
       0
       0
       0
       0
       0
       0
       0
       0
       0
       0
       0
       0
       0
       0
       0
       0
       0
       0
       0
       0
       0
       0
       0
       0
       0
       0
       0
       0
       0
       0
       0
       0
       0
       0
       0
       0
       0
       0
       0
       0
       0
       0
       0
       0
       0
       0
       0
       0
       0
       0
       0
       0
       0
       0
       0
       0
       0
       0
       0
       0
       0
       0
       0
       0
       0
       0
       0
       0
       0
       0
       0
       0
       0
       0
       0
       0
       0
       0
       0
       0
       0
       0
       0
       0
       0
       0
       0
       0
       0
       0
       0
       0
       0
       0
       0
       0
       0
       0
       0
       0
       0
       0
       0
       0
       0
       0
       0
       0
       0
       0
       0
       0
       0
       0
       0
       0
       0
       0
       0
       0
       0
       0
       0
       0
       0
       0
       0
       0
       0
       0
       0
       0
       0
       0
       0
       0
       0
       0
       0
       0
       0
       0
       0
       0
       0
       0
       0
       0
       0
       0
       0
       0
       0
       0
       0
       0
       0
       0
       0
       0
       0
       0
       0
       0
       1
       1
       4
       2
       4
       1
       4
       6
       4
       3
       4
       1
       6
       3
       3
       3
       4
       6
       3
       4
       4
       7
       2
       2
       3
       6
       1
       4
       2
       7
       3
       6
       1
       4
       2
       4
       5
       5
       4
       6
       2
       4
       2
       1
       2
       8
       3
       5
       4
       6
       3
       5
       9
       4
       7
       1
       7
       4
       3
       3
       4
       6
       2
       7
       5
       8
       6
       3
       4
       4
       4
      10
       5
       6
       6
       7
       6
       7
       3
       1
       2
       6
       2
       7
       9
       3
       7
       9
       4
       3
       8
       4
       3
       4
       4
       7
       5
       4
       6
       7
       1
       4
       9
       7
       7
       4
       5
       4
       3
       5
       9
       6
       5
       5
       6
       2
       7
       5
       9
       7
       7
       8
       8
       9
      10
       5
       7
       5
       7
       9
      10
       9
       4
       9
       1
      13
       7
      10
       8
       8
       4
       2
       6
       5
       3
      11
       8
       6
       6
      10
      10
       5
       8
      12
      10
       9
       8
       4
       8
       5
      10
       9
       7
      13
      13
      10
       8
       5
       9
      16
       9
      10
      13
      11
      11
      12
      13
       8
       9
      16
       9
      10
       7
      10
      10
      10
       8
       6
      12
       9
       7
      13
      12
      10
      12
       8
      14
      12
      11
      18
      14
      12
       9
       8
      13
      15
       6
      12
      10
      17
      11
      14
      10
      12
      12
      14
      20
      19
       9
      10
      16
      15
      12
      15
      10
      10
      14
      16
      11
       7
      12
      20
      14
       6
      12
      17
      20
       7
      21
      15
      17
      14
      17
      14
       7
      13
      11
      13
      16
      17
      24
      14
      16
      16
      12
      13
      10
      18
      14
      15
      17
      13
      15
      20
      21
      10
      25
      13
      14
       8
      16
      12
      12
      16
      20
      12
      18
      18
      25
      15
      15
      18
      16
      19
      16
      16
      24
      15
      15
      23
      28
      23
      23
      24
      14
      19
      24
      20
      16
      22
      29
      28
      13
      21
      27
      23
      24
      23
      27
      26
      31
      22
      36
      25
      28
      15
      22
      27
      30
      30
      31
      32
      26
      27
      22
      34
      37
      27
      41
      40
      38
      33
      24
      34
      23
      31
      37
      38
      27
      29
      28
      47
      40
      45
      35
      31
      29
      32
      30
      26
      30
      42
      43
      32
      29
      44
      31
      35
      31
      33
      30
      50
      38
      38
      40
      32
      42
      37
      45
      30
      50
      38
      37
      27
      26
      41
      35
      33
      28
      35
      33
      25
      27
      34
      26
      23
      35
      42
      33
      28
      30
      17
      25
      35
      31
      35
      24
      18
      31
      31
      30
      23
      18
      33
      24
      13
      15
      24
      15
      24
      25
      18
      17
      17
      25
      14
      17
      19
      13
      20
      14
      12
      25
      13
       7
      17
      19
      18
      19
      12
      12
      15
      11
       7
      14
      10
      14
      15
       9
       8
      12
      10
      12
       9
      17
      12
       7
      10
       6
      11
      13
      11
       8
       9
       6
      15
       9
      13
      13
       7
       6
       3
       7
       7
      12
       9
       9
       6
      10
       6
       7
      10
       3
       7
      11
       7
       7
      10
       5
      13
      11
       8
       9
       4
       2
       4
       5
       2
       5
       9
       2
       6
       6
       7
       6
       7
       4
       7
       5
       9
       5
       5
       1
       7
       1
       1
       7
       6
       4
       5
       2
       4
       3
       3
       2
       4
       3
       5
       1
       5
       7
       4
       6
       4
       8
       2
       3
       2
       4
       7
       7
       4
       3
       6
       4
       2
      10
       5
       5
       3
       5
      10
       3
       3
       3
       2
       6
       3
       2
       4
       2
       3
       2
       5
       1
       5
       3
       4
       2
       2
       3
       1
       1
       3
       6
       6
       4
       3
       3
       1
       6
       4
       8
       1
       3
       4
       1
       2
       3
       1
       0
       4
       7
       3
       2
       3
       2
       2
       1
       5
       4
       4
       2
       3
       3
       3
       2
       6
       2
       3
       6
       2
       1
       6
       3
       7
       2
       4
       2
       2
       3
       2
       1
       4
       5
       3
       4
       2
       0
       1
       1
       1
       2
       3
       7
       3
       5
       0
       3
       5
       0
       3
       3
       2
       0
       4
       1
       0
       2
       1
       3
       1
       5
       1
       1
       1
       1
       2
       4
       0
       1
       0
       1
       1
       2
       4
       1
       3
       2
       0
       3
       4
       0
       1
       3
       1
       2
       1
       1
       2
       6
       2
       4
       1
       1
       1
       2
       2
       2
       1
       1
       3
       3
       3
       3
       1
       3
       2
       1
       0
       3
       2
       2
       1
       4
       2
       2
       5
       4
       1
       1
       1
       3
       1
       1
       2
       5
       1
       0
       3
       4
       2
       2
       2
       3
       4
       2
       1
       1
       0
       1
       0
       3
       0
       2
       0
       3
       4
       0
       1
       2
       2
       1
       4
       0
       2
       1
       3
       0
       4
       1
       2
       1
       2
       2
       2
       2
       2
       0
       2
       6
       1
       1
       2
       1
       5
       1
       3
       2
       2
       2
       2
       2
       2
       0
       4
       1
       1
       1
       2
       1
       2
       0
       1
       0
       0
       1
       1
       4
       1
       2
       1
       2
       2
       1
       1
       4
       1
       3
       0
       1
       0
       1
       2
       1
       0
       0
       3
       0
       3
       0
       3
       3
       5
       3
       1
       0
       0
       1
       3
       0
       2
       2
       1
       2
       2
       1
       4
       1
       3
       2
       2
       1
       2
       3
       1
       2
       2
       2
       7
       4
       2
       1
       0
       3
       2
       1
       0
       0
       1
       0
       1
       6
       1
       3
       3
       3
       1
       4
       0
       3
       0
       1
       3
       0
       1
       2
       2
       2
       1
       2
       6
       2
       0
       0
       0
       1
       2
       4
       2
       1
       1
       3
       2
       2
       2
       3
       2
       1
       1
       2
       1
       2
       0
       0
       1
       1
       0
       1
       0
       1
       3
       0
       2
       1
       1
       2
       3
       2
       2
       3
       0
       0
       0
       0
       0
       0
       3
       2
       1
       1
       2
       3
       1
       2
       3
       0
       3
       1
       1
       1
       0
       0
       1
       2
       0
       1
       0
       1
       3
       0
       1
       0
       4
       3
       2
       3
       1
       0
       4
       2
       0
       2
       1
       0
       0
       1
       1
       3
       0
       1
       2
       0
       1
       2
       1
       0
       0
       1
       0
       0
       2
       0
       1
       0
       0
       2
       0
       0
       0
       0
       2
       2
       0
       1
       1
       2
       3
       1
       1
       1
       2
       0
       2
       0
       0
       2
       0
       4
       0
       0
       2
       2
       0
       0
       1
       0
       0
       1
       3
       1
       1
       1
       1
       1
       0
       2
       1
       2
       1
       0
       1
       3
       2
       1
       2
       1
       1
       0
       1
       2
       0
       1
       1
       5
       0
       1
       0
       3
       2
       1
       0
       1
       0
       1
       0
       2
       2
       3
       1
       1
       0
       0
       0
       2
       2
       0
       0
       0
       5
       0
       2
       1
       1
       1
       2
       0
       2
       1
       1
       1
       2
       0
       0
       0
       0
       2
       2
       2
       0
       0
       3
       2
       0
       1
       1
       1
       1
       0
       1
       2
       0
       1
       0
       0
       0
       1
       1
       1
       1
       2
       2
       0
       2
       0
       3
       1
       5
       0
       1
       2
       1
       0
       1
       1
       2
       0
       2
       0
       0
       1
       0
       1
       3
       0
       3
       0
       0
       1
       1
       0
       0
       0
       2
       1
       3
       1
       2
       0
       0
       0
       0
       1
       1
       1
       3
       2
       0
       0
       1
       0
       2
       3
       2
       0
       1
       0
       1
       0
       0
       1
       0
       2
       2
       1
       0
       2
       2
       2
       0
       0
       0
       1
       1
       1
       0
       0
       2
       1
       1
       1
       1
       1
       3
       0
       0
       0
       1
       0
       1
       1
       3
       1
       0
       0
       1
       1
       0
       1
       0
       1
       0
       0
       0
       0
       0
       1
       1
       3
       0
       1
       0
       1
       1
       2
       1
       1
       0
       0
       2
       0
       0
       3
       1
       1
       1
       1
       0
       2
       1
       0
       1
       0
       2
       0
       2
       1
       2
       1
       1
       1
       0
       0
       0
       1
       1
       0
       0
       0
       0
       2
       0
       2
       2
       2
       2
       2
       0
       0
       0
       1
       1
       2
       0
       0
       0
       0
       2
       2
       0
       0
       0
       1
       2
       1
       0
       1
       1
       1
       1
       0
       0
       0
       1
       1
       1
       0
       2
       0
       0
       0
       0
       0
       0
       0
       0
       2
       0
       1
       2
       1
       0
       0
       1
       0
       1
       1
       1
       0
       0
       0
       0
       1
       1
       1
       1
       2
       1
       0
       2
       0
       1
       0
       2
       1
       1
       1
       1
       1
       1
       2
       0
       1
       0
       0
       0
       1
       0
       0
       2
       0
       0
       0
       1
       1
       0
       0
       1
       0
       0
       0
       0
       0
       0
       0
       0
       0
       0
       1
       1
       1
       0
       0
       0
       0
       0
       0
       1
       0
       0
       3
       1
       0
       1
       0
       0
       0
       0
       1
       1
       0
       2
       0
       0
       2
       2
       1
       1
       2
       1
       0
       0
       3
       0
       1
       0
       0
       0
       1
       0
       0
       1
       0
       2
       0
       0
       0
       2
       0
       0
       1
       1
       0
       0
       0
       2
       0
       0
       0
       1
       0
       1
       0
       2
       2
       0
       1
       1
       0
       0
       0
       0
       1
       1
       2
       0
       0
       1
       0
       0
       1
       0
       0
       0
       0
       0
       0
       0
       0
       1
       0
       0
       0
       0
       0
       0
       1
       0
       1
       1
       0
       1
       1
       0
       0
       2
       0
       0
       0
       1
       1
       0
       4
       2
       0
       1
       1
       1
       0
       0
       1
       0
       1
       0
       2
       0
       0
       0
       1
       0
       2
       0
       1
       2
       1
       1
       0
       0
       0
       1
       0
       1
       0
       0
       1
       2
       1
       1
       0
       0
       0
       1
       1
       1
       1
       0
       3
       1
       4
       1
       3
       2
       0
       2
       1
       0
       0
       1
       1
       0
       0
       1
       1
       1
       0
       2
       3
       2
       1
       1
       1
       0
       0
       0
       2
       1
       1
       1
       0
       0
       1
       0
       2
       0
       0
       0
       0
       0
       0
       0
       0
       2
       0
       0
       1
       1
       2
       1
       0
       0
       0
       1
       0
       0
       0
       1
       1
       0
       1
       1
       0
       0
       0
       1
       1
       0
       1
       0
       0
       0
       0
       2
       2
       2
       2
       0
       0
       2
       0
       1
       0
       1
       2
       0
       0
       0
       1
       1
       2
       1
       0
       0
       2
       1
       1
       2
       1
       1
       0
       1
       0
       1
       2
       0
       0
       1
       1
       0
       2
       0
       1
       0
       0
       1
       1
       0
       1
       0
       0
       1
       2
       1
       2
       1
       1
       0
       2
       0
       0
       1
       3
       1
       0
       1
       0
       1
       0
       0
       0
       2
       1
       1
       0
       3
       1
       2
       0
       1
       1
       3
       2
       2
       1
       1
       3
       2
       2
       2
       1
       2
       1
       0
       0
       0
       0
       2
       0
       3
       1
       2
       2
       2
       2
       0
       1
       1
       0
       1
       4
       3
       2
       0
       1
       1
       2
       1
       2
       0
       2
       3
       1
       1
       4
       2
       2
       2
       3
       0
       4
       3
       3
       3
       2
       1
       1
       6
       1
       0
       0
       0
       0
       0
       0
       0
       0
       0
       0
       0
       0
       0
       0
       0
       0
       0
       0
       0
       0
       0
       0
       0
       0
       0
       0
       0
       0
       0
       0
       0
       0
$ROI:
0
$PRESETS:
None
0
0
$ENER_FIT:
0.000000 2.049536
$MCA_CAL:
3
0.000000E+000 2.049536E+000 0.000000E+000 keV
$SHAPE_CAL:
3
0.000000E+000 0.000000E+000 0.000000E+000
