$SPEC_ID:
Scatter
$SPEC_REM:
DET# 1
DETDESC# JLAB-11 MCB 133
AP# Maestro Version 7.01
$DATE_MEA:
03/10/2026 10:59:32
$MEAS_TIM:
925 932
$DATA:
0 2047
       0
       0
       0
       0
       0
       0
       0
       0
       0
       0
       0
       0
       0
       0
       0
       0
       0
       0
       0
       0
       0
       0
       0
       0
       0
       0
       0
       0
       0
       0
       0
       0
       0
       0
       0
       0
       0
       0
       0
       0
       0
       0
       0
       0
       0
       0
       0
       0
       0
       0
       0
       0
       0
       0
       0
       0
       0
       0
       0
       0
       0
       0
       0
       0
       0
       0
       0
       0
       0
       0
       0
       0
       0
       0
       0
       0
       0
       0
       0
       0
       0
       0
       0
       0
       0
       0
       0
       0
       0
       0
       0
       0
       0
       0
       0
       0
       0
       0
       0
       0
       0
       0
       0
       0
       0
       0
       0
       0
       0
       0
       0
       0
       0
       0
       0
       0
       0
       0
       0
       0
       0
       0
       0
       0
       0
       0
       0
       0
       0
       0
       0
       0
       0
       0
       0
       0
       0
       0
       0
       0
       0
       0
       0
       0
       0
       0
       0
       0
       0
       0
       0
       0
       0
       0
       0
       0
       0
       0
       0
       0
       0
       0
       0
       0
       0
       0
       0
       0
       0
       0
       0
       0
       0
       0
       0
       0
       0
       0
       0
       0
       0
       0
       0
       0
       0
       0
       0
       0
       0
       0
       0
       0
       0
       0
       0
       0
       0
       0
       0
       0
       0
       0
       0
       0
       0
       0
       0
       0
       0
       0
       0
       0
       0
       0
       0
       0
       0
       0
       0
       0
       0
       0
       0
       0
       0
       0
       0
       0
       0
       0
       0
       0
       0
       0
       0
       0
       0
       0
       0
       0
       0
       0
       0
       0
       0
       0
       0
       0
       0
       0
       0
       0
       0
       0
       0
       0
       0
       0
       0
       0
       0
       0
       0
       0
       0
       0
       0
       0
       0
       0
       0
       0
       0
       0
       0
       0
       0
       0
       0
       0
       0
       0
       0
       0
       0
       0
       0
       0
       0
       0
       0
       0
       0
       0
       0
       0
       0
       0
       0
       0
       1
       2
       0
       2
       8
       3
       1
       2
       2
       2
       3
       4
       1
       4
       0
       3
       3
       2
       3
       5
       3
       2
       2
       1
       6
       3
       3
       3
       5
       3
       0
       2
       0
       0
       4
       1
       0
       3
       2
       1
       4
       0
       2
       4
       3
       1
       4
       2
       5
       3
       2
       0
       1
       2
       0
       1
       4
       2
       3
       2
       0
       3
       3
       3
       4
       4
       0
       3
       8
       1
       4
       2
       4
       2
       2
       3
       2
       3
       6
       2
       3
       3
       3
       3
       1
       3
       4
       0
       3
       3
       4
       0
       1
       3
       4
       3
       4
       0
       0
       2
       5
       4
       1
       3
       6
       1
       2
       1
       4
       2
       1
       5
       2
       2
       1
       2
       5
       3
       3
       1
       0
       3
       2
       3
       0
       3
       3
       2
       6
       1
       3
       0
       1
       3
       6
       1
       3
       3
       4
       8
       3
       2
       4
       4
       1
       3
       5
      12
       5
       4
       4
       6
       4
       7
       5
       3
       6
       5
       5
       1
       3
       6
       2
       4
       3
       4
       6
       8
       9
       7
       4
       1
       6
       6
       3
       9
       3
       7
       5
       9
       8
       4
       5
      12
       6
       6
       4
       4
       5
       5
       7
       5
      14
      10
       9
      10
       4
       3
       5
       4
       6
       6
       8
       9
       6
       9
       7
       7
       6
       8
       6
      13
      16
      11
       7
       6
      11
       9
      15
       7
      11
       7
      10
       8
       9
      11
       8
      12
       6
      13
      14
      12
      19
       8
      11
      10
       8
      14
      16
       7
       9
       9
       6
       5
       9
       8
       8
       9
      13
      10
       9
      11
      14
      12
      13
       5
      12
      11
      10
      15
      18
       9
      14
      11
      10
      14
       7
      11
       6
      15
      12
      14
      14
       7
      15
      10
      16
      10
       5
      17
      14
      12
      20
      16
      15
       9
      18
      20
      13
      24
      19
      13
      11
      20
      27
      17
      16
      23
      17
      22
      18
      18
      26
      13
      18
      23
      18
      18
      10
      18
      22
      27
      18
      16
      22
      30
      24
      19
      30
      23
      17
      19
      17
      30
      26
      26
      19
      22
      27
      21
      15
      23
      17
      15
      22
      19
      21
      18
      18
      17
      23
      22
      18
      24
      19
      23
      11
      22
      22
      16
      11
      23
      22
      15
      14
      22
      15
      15
      14
      12
      19
       9
      14
      13
       5
       7
      13
      12
      10
      12
      10
       8
      11
       8
       9
      15
       7
       6
      10
       7
       2
       7
      12
       7
      11
       8
      10
      13
      12
       7
       7
       7
       7
      11
       8
      10
       6
       5
       8
       6
       6
       4
      10
      12
      10
       6
       6
       6
       7
       6
       5
       3
       3
       8
       5
       9
       3
       5
       7
       3
       5
       7
       2
      10
       7
       3
       8
       3
       3
       2
       4
       8
       7
      10
       5
       3
       8
       4
       4
       2
       0
       4
       2
       1
       3
       4
       2
       3
       3
       3
       4
       1
       2
       2
       2
       4
       3
       4
       7
       1
       2
       1
       4
       7
       4
       6
       7
       0
       2
       2
       5
       2
       4
       1
       2
       1
       4
       0
       0
       5
       5
       2
       7
       3
       3
       3
       1
       3
       3
       3
       1
       3
       0
       5
       2
       2
       2
       6
       1
       2
       2
       0
       2
       2
       1
       4
       7
       2
       2
       1
       1
       0
       0
       1
       1
       3
       4
       1
       2
       2
       1
       0
       1
       3
       1
       7
       2
       4
       3
       3
       7
       3
       3
       4
       1
       3
       0
       5
       2
       1
       2
       2
       3
       9
       5
       1
       2
       5
       5
       5
       4
       1
       4
       2
       5
       3
       1
       4
       4
       2
       2
       3
       2
       5
       1
       3
       3
       4
       0
       3
       0
       1
       1
       6
       1
       3
       2
       0
       2
       0
       1
       1
       3
       3
       3
       3
       1
       3
       0
       2
       0
       3
       2
       4
       3
       1
       2
       1
       5
       4
       1
       0
       2
       3
       3
       2
       5
       2
       1
       0
       1
       1
       0
       2
       2
       0
       1
       0
       1
       0
       0
       2
       3
       0
       1
       2
       1
       1
       4
       0
       1
       0
       1
       2
       2
       3
       3
       2
       2
       0
       2
       1
       0
       3
       1
       2
       3
       0
       1
       2
       2
       1
       1
       3
       0
       2
       1
       0
       3
       6
       1
       1
       2
       2
       3
       1
       1
       3
       1
       1
       0
       2
       1
       1
       0
       1
       1
       0
       0
       3
       4
       2
       2
       2
       0
       3
       1
       0
       2
       3
       1
       3
       2
       2
       1
       5
       0
       1
       1
       1
       3
       3
       1
       2
       2
       0
       1
       3
       3
       1
       3
       0
       0
       2
       2
       1
       0
       1
       2
       1
       1
       2
       2
       2
       0
       0
       0
       3
       2
       1
       1
       2
       3
       2
       1
       2
       1
       0
       2
       0
       1
       2
       2
       1
       0
       0
       0
       2
       0
       1
       2
       0
       3
       1
       1
       0
       0
       1
       0
       0
       2
       0
       2
       2
       0
       1
       0
       2
       0
       2
       0
       0
       2
       0
       1
       0
       0
       2
       5
       1
       2
       1
       0
       2
       0
       0
       1
       2
       1
       2
       0
       1
       1
       1
       1
       1
       3
       0
       0
       1
       4
       2
       1
       2
       1
       2
       1
       1
       1
       0
       3
       1
       2
       4
       3
       1
       0
       2
       1
       0
       0
       2
       1
       1
       0
       3
       0
       1
       0
       1
       0
       2
       0
       2
       3
       0
       2
       1
       3
       0
       2
       1
       2
       0
       2
       1
       1
       1
       1
       1
       1
       2
       2
       0
       2
       1
       1
       2
       0
       1
       0
       0
       1
       1
       0
       2
       1
       1
       2
       0
       2
       2
       0
       1
       3
       2
       2
       1
       1
       1
       1
       1
       0
       1
       0
       1
       1
       1
       2
       1
       2
       4
       0
       2
       3
       0
       1
       1
       1
       0
       1
       1
       0
       0
       1
       1
       3
       0
       1
       1
       0
       2
       2
       0
       1
       1
       3
       1
       0
       0
       2
       0
       1
       0
       0
       2
       0
       1
       1
       0
       1
       1
       2
       1
       0
       2
       0
       2
       0
       0
       0
       1
       0
       1
       1
       2
       2
       1
       0
       2
       2
       0
       2
       1
       2
       0
       1
       1
       1
       1
       1
       1
       1
       0
       0
       2
       2
       2
       0
       1
       0
       2
       0
       1
       1
       1
       0
       1
       0
       1
       0
       2
       0
       0
       2
       3
       2
       5
       1
       1
       0
       0
       0
       3
       0
       1
       1
       1
       1
       1
       3
       1
       1
       2
       2
       2
       0
       0
       0
       1
       0
       0
       0
       0
       3
       0
       0
       0
       0
       0
       0
       3
       1
       0
       0
       0
       3
       1
       1
       0
       1
       1
       0
       2
       0
       0
       2
       1
       0
       2
       0
       0
       2
       1
       2
       2
       3
       1
       1
       1
       0
       1
       1
       1
       3
       0
       2
       0
       0
       0
       0
       0
       1
       1
       0
       0
       0
       1
       0
       1
       0
       1
       3
       2
       0
       1
       0
       1
       1
       2
       1
       0
       0
       1
       1
       0
       0
       0
       2
       1
       0
       1
       0
       0
       0
       2
       0
       1
       0
       2
       1
       1
       2
       0
       0
       0
       0
       3
       0
       1
       1
       2
       1
       1
       1
       1
       0
       2
       0
       0
       2
       1
       2
       0
       1
       0
       0
       2
       1
       0
       1
       0
       2
       2
       1
       1
       1
       1
       1
       0
       0
       1
       0
       1
       1
       1
       1
       0
       0
       1
       1
       1
       1
       0
       0
       0
       2
       0
       2
       0
       0
       1
       0
       0
       1
       0
       1
       0
       0
       0
       0
       0
       0
       0
       1
       0
       0
       0
       2
       0
       1
       0
       2
       0
       0
       0
       0
       0
       0
       0
       0
       1
       1
       0
       0
       2
       1
       0
       0
       0
       0
       0
       1
       1
       2
       0
       1
       2
       0
       0
       0
       1
       0
       1
       0
       0
       0
       0
       1
       2
       2
       1
       0
       1
       2
       0
       0
       1
       0
       0
       1
       1
       0
       0
       0
       0
       1
       0
       0
       0
       0
       1
       1
       0
       0
       1
       0
       0
       2
       1
       0
       0
       0
       2
       2
       0
       0
       0
       0
       0
       0
       0
       1
       0
       0
       0
       0
       0
       0
       0
       0
       1
       1
       1
       1
       0
       1
       0
       1
       0
       0
       0
       0
       1
       0
       1
       0
       1
       0
       0
       1
       0
       3
       0
       2
       1
       1
       1
       0
       1
       0
       0
       0
       0
       1
       0
       0
       0
       1
       0
       0
       0
       0
       0
       0
       1
       0
       0
       2
       0
       0
       1
       0
       0
       0
       0
       0
       0
       0
       0
       0
       0
       0
       0
       0
       0
       0
       0
       1
       1
       0
       0
       1
       0
       0
       1
       2
       0
       0
       1
       0
       1
       0
       0
       0
       0
       0
       0
       1
       0
       0
       0
       2
       1
       0
       0
       0
       0
       0
       0
       0
       1
       0
       0
       0
       2
       0
       0
       1
       2
       0
       0
       1
       0
       0
       2
       0
       0
       1
       2
       0
       0
       0
       1
       1
       1
       0
       0
       0
       0
       1
       1
       0
       0
       1
       0
       1
       1
       1
       1
       1
       1
       0
       0
       0
       0
       1
       0
       1
       1
       0
       0
       2
       0
       0
       0
       0
       0
       0
       0
       0
       2
       0
       0
       0
       1
       0
       0
       0
       1
       0
       0
       0
       1
       0
       0
       0
       0
       1
       0
       1
       1
       0
       0
       0
       0
       0
       0
       0
       0
       0
       1
       1
       1
       1
       0
       0
       0
       1
       0
       0
       0
       0
       1
       0
       1
       0
       2
       0
       0
       1
       1
       0
       0
       0
       0
       1
       2
       0
       0
       0
       0
       0
       1
       1
       0
       0
       0
       0
       0
       0
       0
       0
       0
       0
       1
       0
       0
       0
       1
       0
       1
       1
       0
       1
       1
       0
       0
       1
       0
       0
       0
       0
       3
       0
       0
       0
       0
       0
       0
       1
       0
       0
       0
       0
       2
       0
       0
       0
       0
       1
       2
       0
       1
       0
       0
       0
       1
       0
       2
       1
       0
       1
       3
       0
       2
       0
       0
       1
       0
       2
       0
       1
       0
       0
       0
       0
       0
       1
       1
       0
       0
       2
       0
       0
       0
       0
       0
       1
       1
       1
       1
       1
       2
       1
       0
       0
       0
       1
       0
       1
       0
       0
       0
       0
       0
       0
       2
       1
       1
       1
       2
       0
       1
       0
       1
       0
       1
       0
       0
       2
       2
       1
       0
       1
       1
       2
       0
       0
       1
       2
       2
       1
       1
       0
       0
       0
       1
       1
       0
       1
       1
       1
       0
       0
       1
       0
       1
       0
       0
       3
       0
       0
       1
       1
       0
       1
       0
       1
       0
       0
       0
       2
       1
       1
       0
       0
       0
       0
       1
       1
       0
       2
       0
       0
       1
       1
       2
       1
       2
       0
       0
       1
       1
       1
       0
       2
       1
       0
       1
       0
       2
       0
       3
       0
       1
       1
       0
       1
       0
       4
       1
       0
       3
       3
       1
       0
       1
       0
       2
       0
       1
       1
       0
       0
       0
       0
       1
       1
       1
       1
       1
       0
       0
       0
       3
       0
       0
       0
       0
       0
       0
       0
       0
       0
       0
       0
       0
       0
       0
       0
       0
       0
       0
       0
       0
       0
       0
       0
       0
       0
       0
       0
       0
       0
       0
       0
       0
$ROI:
0
$PRESETS:
None
0
0
$ENER_FIT:
0.000000 2.049536
$MCA_CAL:
3
0.000000E+000 2.049536E+000 0.000000E+000 keV
$SHAPE_CAL:
3
0.000000E+000 0.000000E+000 0.000000E+000
