$SPEC_ID:
Recoil
$SPEC_REM:
DET# 2
DETDESC# JLAB-11 MCB 134
AP# Maestro Version 7.01
$DATE_MEA:
03/09/2026 10:40:07
$MEAS_TIM:
142 160
$DATA:
0 2047
       0
       0
       0
       0
       0
       0
       0
       0
       0
       0
       0
       0
       0
       0
       0
       0
       0
       0
       0
       0
       0
       0
       0
       0
       0
       0
       0
       0
       0
       0
       0
       0
       0
       0
       0
       0
       0
       0
       0
       0
       0
       0
       0
       0
       0
       0
       0
       0
       0
       0
       0
       0
       0
       0
       0
       0
       0
       0
       0
       0
       0
       0
       0
       0
       0
       0
       0
       0
       0
       0
       0
       0
       1
      13
      59
     446
     480
     516
     448
     522
     487
     537
     475
     510
     515
     513
     475
     494
     591
     525
     494
     534
     499
     539
     477
     475
     485
     479
     505
     497
     522
     496
     467
     503
     529
     525
     489
     485
     494
     468
     491
     536
     525
     496
     495
     469
     535
     522
     492
     550
     483
     471
     494
     523
     485
     441
     513
     485
     487
     462
     508
     462
     485
     509
     441
     534
     495
     489
     482
     468
     511
     524
     496
     464
     493
     501
     497
     486
     522
     480
     513
     477
     504
     531
     521
     502
     445
     486
     461
     494
     529
     539
     521
     488
     511
     476
     514
     543
     451
     485
     511
     548
     492
     530
     496
     493
     506
     511
     543
     497
     564
     496
     500
     551
     485
     472
     533
     504
     483
     537
     508
     518
     528
     527
     527
     528
     561
     501
     531
     550
     515
     527
     519
     564
     545
     534
     524
     568
     542
     550
     505
     556
     542
     563
     532
     580
     504
     522
     608
     537
     559
     573
     519
     540
     604
     545
     593
     537
     567
     594
     591
     521
     596
     623
     576
     589
     584
     589
     626
     565
     591
     572
     570
     578
     586
     582
     586
     581
     518
     622
     558
     606
     594
     625
     603
     609
     599
     605
     623
     574
     577
     602
     613
     606
     558
     614
     586
     600
     543
     600
     616
     600
     639
     603
     632
     612
     561
     638
     585
     630
     618
     570
     593
     570
     576
     602
     573
     638
     612
     583
     630
     613
     620
     654
     587
     619
     607
     565
     648
     592
     603
     630
     641
     625
     649
     636
     637
     652
     641
     637
     608
     573
     615
     613
     582
     590
     581
     663
     653
     595
     618
     626
     622
     622
     667
     580
     607
     625
     647
     619
     594
     648
     628
     609
     622
     649
     630
     693
     656
     667
     636
     690
     647
     699
     664
     682
     619
     694
     674
     637
     656
     673
     613
     645
     645
     687
     639
     644
     673
     684
     642
     700
     678
     713
     691
     690
     667
     689
     683
     626
     685
     634
     702
     639
     706
     672
     682
     717
     661
     644
     722
     694
     708
     684
     713
     695
     681
     660
     730
     713
     695
     698
     722
     657
     673
     699
     688
     664
     691
     660
     715
     704
     749
     719
     728
     702
     685
     675
     671
     714
     688
     717
     752
     696
     693
     727
     740
     721
     717
     718
     708
     651
     759
     713
     724
     717
     720
     692
     704
     741
     733
     709
     743
     707
     707
     685
     681
     716
     684
     773
     712
     714
     710
     691
     726
     729
     727
     726
     708
     708
     738
     709
     697
     718
     708
     778
     649
     713
     755
     702
     707
     756
     721
     718
     742
     735
     726
     700
     768
     699
     734
     752
     676
     702
     754
     743
     758
     797
     752
     711
     767
     744
     762
     745
     771
     686
     788
     740
     737
     751
     789
     738
     767
     773
     781
     766
     780
     747
     779
     747
     834
     791
     764
     754
     766
     749
     783
     762
     841
     801
     793
     802
     875
     806
     816
     763
     822
     870
     871
     829
     865
     865
     863
     821
     853
     796
     837
     913
     881
     904
     910
     861
     883
     861
     957
     872
     952
     940
     920
     928
     886
     954
     921
     948
     906
     926
     916
     930
     971
     899
     951
     906
     916
     938
     932
     924
     952
     995
     998
     989
     940
     954
     925
     970
     984
     976
     932
     912
     970
     970
     982
     969
     912
     898
     899
     959
     954
     941
     970
     961
     919
    1003
     982
     950
     918
     896
     968
     927
     954
     956
     908
     931
     959
     980
     884
     945
     937
     945
     873
     898
     920
     864
     881
     918
     858
    1000
     875
     957
     920
     887
     977
     947
     895
     887
     900
     904
     887
     840
     852
     852
     848
     841
     920
     844
     896
     884
     890
     862
     838
     863
     894
     828
     856
     869
     875
     804
     875
     849
     892
     866
     829
     838
     814
     834
     863
     833
     891
     827
     835
     869
     809
     829
     853
     828
     884
     828
     831
     808
     776
     815
     809
     814
     842
     848
     826
     811
     892
     843
     812
     829
     855
     794
     839
     829
     794
     818
     858
     762
     796
     844
     789
     822
     759
     798
     889
     816
     765
     849
     751
     776
     836
     790
     816
     827
     804
     836
     792
     807
     787
     770
     774
     811
     811
     746
     792
     797
     738
     816
     740
     802
     774
     771
     790
     760
     775
     756
     734
     787
     778
     719
     736
     782
     738
     778
     761
     733
     736
     719
     760
     773
     811
     734
     760
     764
     784
     727
     719
     737
     722
     739
     760
     726
     738
     830
     723
     680
     700
     750
     730
     750
     751
     744
     720
     739
     698
     703
     751
     691
     740
     716
     730
     719
     706
     716
     721
     717
     698
     694
     707
     758
     698
     752
     699
     745
     664
     727
     659
     696
     715
     665
     711
     717
     717
     668
     710
     703
     717
     699
     689
     686
     685
     717
     709
     732
     690
     685
     708
     698
     673
     637
     705
     659
     624
     640
     709
     680
     685
     672
     667
     656
     647
     661
     719
     673
     704
     675
     606
     656
     636
     641
     670
     681
     631
     647
     731
     625
     604
     651
     715
     622
     669
     670
     616
     655
     640
     650
     639
     629
     661
     618
     676
     651
     602
     645
     618
     662
     651
     671
     672
     655
     654
     625
     664
     696
     628
     607
     590
     635
     608
     626
     594
     621
     616
     611
     590
     622
     640
     616
     650
     654
     645
     608
     615
     635
     658
     581
     591
     621
     600
     633
     579
     623
     610
     704
     589
     582
     580
     595
     590
     606
     640
     586
     601
     633
     620
     649
     570
     589
     603
     612
     580
     619
     621
     604
     613
     565
     594
     575
     591
     610
     594
     627
     587
     608
     585
     596
     588
     590
     585
     549
     611
     516
     566
     600
     578
     536
     601
     575
     564
     579
     594
     553
     538
     554
     560
     572
     606
     569
     557
     596
     572
     535
     543
     564
     571
     555
     549
     516
     548
     558
     518
     503
     524
     581
     492
     514
     500
     507
     512
     511
     510
     533
     483
     480
     547
     543
     502
     476
     491
     472
     472
     536
     482
     495
     475
     475
     493
     476
     468
     466
     489
     440
     477
     456
     438
     422
     479
     437
     435
     453
     449
     440
     478
     405
     446
     435
     436
     436
     425
     410
     433
     384
     411
     436
     401
     398
     404
     388
     402
     426
     379
     392
     384
     392
     395
     387
     357
     365
     378
     370
     375
     356
     387
     382
     364
     387
     381
     354
     392
     367
     374
     348
     383
     336
     353
     347
     357
     334
     337
     333
     362
     394
     329
     368
     366
     330
     367
     331
     376
     348
     313
     337
     337
     316
     336
     359
     315
     344
     339
     300
     359
     330
     315
     318
     302
     313
     325
     348
     306
     337
     357
     313
     309
     316
     312
     318
     302
     308
     293
     286
     336
     314
     354
     322
     313
     294
     321
     337
     315
     298
     297
     340
     308
     291
     303
     304
     308
     262
     314
     309
     302
     339
     283
     259
     306
     308
     275
     318
     318
     272
     297
     302
     269
     320
     298
     308
     292
     298
     274
     295
     256
     297
     266
     305
     298
     292
     302
     281
     306
     279
     278
     306
     254
     290
     301
     329
     262
     325
     301
     262
     302
     286
     290
     280
     301
     277
     258
     287
     319
     299
     288
     271
     263
     323
     292
     265
     272
     313
     313
     289
     307
     291
     287
     280
     257
     269
     289
     305
     292
     278
     296
     291
     287
     296
     300
     295
     288
     257
     297
     285
     286
     301
     256
     263
     280
     286
     266
     262
     243
     255
     275
     234
     300
     274
     263
     292
     282
     278
     286
     240
     268
     275
     301
     279
     287
     286
     305
     279
     264
     279
     302
     269
     291
     288
     269
     284
     260
     278
     260
     287
     308
     305
     262
     270
     298
     313
     299
     331
     273
     289
     263
     271
     269
     262
     285
     277
     275
     289
     287
     287
     313
     295
     307
     291
     269
     311
     271
     285
     296
     297
     270
     260
     303
     276
     280
     263
     277
     264
     281
     277
     254
     291
     270
     312
     296
     324
     297
     279
     267
     308
     299
     301
     302
     271
     278
     301
     279
     318
     307
     306
     296
     314
     281
     335
     317
     275
     326
     260
     329
     290
     293
     316
     332
     277
     307
     297
     326
     327
     287
     325
     315
     327
     323
     311
     286
     304
     315
     306
     317
     312
     293
     308
     310
     332
     318
     339
     323
     294
     318
     292
     342
     309
     346
     318
     330
     316
     345
     333
     364
     328
     349
     318
     340
     346
     350
     367
     345
     392
     352
     351
     369
     364
     372
     376
     387
     378
     382
     372
     370
     374
     377
     389
     396
     410
     393
     408
     427
     373
     418
     421
     450
     431
     471
     438
     483
     473
     444
     459
     488
     492
     457
     472
     493
     500
     504
     499
     544
     530
     569
     546
     573
     541
     574
     603
     636
     625
     640
     650
     650
     647
     650
     674
     694
     714
     753
     747
     724
     731
     850
     782
     826
     798
     866
     866
     890
     829
     851
     887
     915
     944
     981
     965
     990
     990
    1050
    1043
    1027
    1069
    1143
    1132
    1201
    1125
    1174
    1213
    1234
    1230
    1259
    1360
    1229
    1310
    1351
    1361
    1436
    1402
    1465
    1471
    1416
    1530
    1561
    1587
    1596
    1668
    1610
    1552
    1756
    1728
    1774
    1786
    1782
    1780
    1811
    1782
    1843
    1821
    1864
    1823
    1872
    1939
    1917
    2021
    1946
    1980
    1995
    2063
    2039
    2091
    2132
    2084
    2138
    2128
    2157
    2170
    2220
    2281
    2301
    2292
    2138
    2229
    2269
    2262
    2289
    2329
    2302
    2329
    2263
    2389
    2251
    2273
    2405
    2353
    2409
    2424
    2388
    2293
    2391
    2342
    2321
    2401
    2366
    2365
    2347
    2262
    2235
    2343
    2244
    2258
    2248
    2244
    2294
    2326
    2196
    2169
    2144
    2176
    2177
    2150
    2103
    2111
    2092
    2055
    2103
    2070
    2054
    2022
    1894
    1905
    1925
    1925
    1930
    1853
    1907
    1823
    1743
    1760
    1759
    1695
    1631
    1694
    1553
    1552
    1608
    1576
    1481
    1529
    1472
    1468
    1424
    1407
    1359
    1356
    1372
    1261
    1274
    1220
    1194
    1239
    1100
    1159
    1069
    1079
    1046
    1050
    1005
     981
    1000
     935
     943
     914
     873
     847
     797
     824
     779
     764
     706
     763
     721
     685
     695
     665
     644
     567
     598
     621
     568
     501
     545
     508
     542
     515
     511
     432
     466
     443
     449
     410
     416
     399
     411
     379
     342
     364
     329
     341
     315
     295
     310
     294
     279
     305
     254
     278
     284
     265
     232
     251
     246
     227
     230
     236
     231
     219
     189
     217
     204
     211
     179
     196
     187
     213
     191
     181
     172
     164
     164
     150
     153
     160
     158
     159
     127
     154
     133
     192
     143
     130
     130
     116
     141
     122
     153
     133
     129
     135
     119
     114
     133
     143
     138
     115
     148
     140
     116
     130
     127
     112
     130
     131
      98
     143
     120
     113
     100
     114
     121
     123
     119
     131
     121
     124
     139
     123
     121
     120
     113
     122
     131
     132
     110
     122
     121
     124
     106
     120
     140
     105
     122
      98
     125
     127
     103
     123
     142
     124
     119
     105
     113
     120
     119
     126
     112
     124
     126
     134
     124
     101
     109
     117
     115
     110
     113
     107
     114
     110
      97
     123
     117
     133
     102
     124
      94
     108
     130
     106
     107
     119
     142
     113
     118
     124
     165
     128
     134
     117
     118
     137
     106
     116
     126
     129
     116
     141
     113
     118
     124
     131
     121
     134
     108
     139
     111
     134
     118
     116
     125
     142
      96
     116
     120
     125
     111
     137
     131
     118
     121
     129
     129
     122
     132
     153
     119
     114
     127
     131
     164
     130
     143
     120
     126
     144
     123
     152
     115
     126
     158
     130
     145
     140
     152
     136
     136
     150
     124
     132
     119
     165
     148
     133
     130
     130
     149
     140
     158
     126
     136
     145
     144
     149
     138
     139
     156
     159
     142
     134
     170
     149
     136
     147
     150
     146
     153
     165
     193
     163
     144
     144
     159
     171
     145
     163
     172
     168
     178
     161
     169
     163
     157
     177
     181
     185
     178
     185
     173
     218
     176
     176
     184
     174
     183
     162
     186
     171
     173
     195
     177
     164
     204
     195
     182
     184
     194
     198
     191
     196
     198
     189
     183
     196
     183
     202
     198
     203
     182
     157
     186
     199
     160
     199
     178
     211
     190
     209
     168
     188
     199
     180
     188
     203
     162
     199
     232
     227
     223
     180
     184
     191
     204
     187
     164
     188
     199
     187
     198
     209
     188
     185
     206
     184
     230
     199
     172
     178
     171
     184
     181
     187
     173
     161
     201
     194
     164
     160
     190
     164
     204
     183
     171
     178
     184
     167
     180
     192
     178
     184
     166
     201
     176
     166
     143
     162
     173
     167
     145
     156
     160
     140
     155
     167
     156
     165
     174
     134
     142
     173
     156
     144
     158
     146
     147
     176
     173
     154
     142
     138
     144
     140
     136
     111
     139
     143
     135
     138
     121
     142
     117
     155
     112
     143
     141
     152
     124
     134
     120
     141
     131
     128
     126
     133
     144
     112
     114
     125
     127
     133
     122
     134
     125
     126
     113
     121
     131
     146
     138
     103
     121
     120
       0
       0
       0
       0
       0
       0
       0
       0
       0
       0
       0
       0
       0
       0
       0
       0
       0
       0
       0
       0
       0
       0
       0
       0
       0
       0
       0
       0
       0
       0
       0
       0
$ROI:
0
$PRESETS:
None
0
0
$ENER_FIT:
0.000000 2.049532
$MCA_CAL:
3
0.000000E+000 2.049532E+000 0.000000E+000 keV
$SHAPE_CAL:
3
0.000000E+000 0.000000E+000 0.000000E+000
