$SPEC_ID:
Scatter
$SPEC_REM:
DET# 1
DETDESC# JLAB-11 MCB 133
AP# Maestro Version 7.01
$DATE_MEA:
03/10/2026 11:31:23
$MEAS_TIM:
876 881
$DATA:
0 2047
       0
       0
       0
       0
       0
       0
       0
       0
       0
       0
       0
       0
       0
       0
       0
       0
       0
       0
       0
       0
       0
       0
       0
       0
       0
       0
       0
       0
       0
       0
       0
       0
       0
       0
       0
       0
       0
       0
       0
       0
       0
       0
       0
       0
       0
       0
       0
       0
       0
       0
       0
       0
       0
       0
       0
       0
       0
       0
       0
       0
       0
       0
       0
       0
       0
       0
       0
       0
       0
       0
       0
       0
       0
       0
       0
       0
       0
       0
       0
       0
       0
       0
       0
       0
       0
       0
       0
       0
       0
       0
       0
       0
       0
       0
       0
       0
       0
       0
       0
       0
       0
       0
       0
       0
       0
       0
       0
       0
       0
       0
       0
       0
       0
       0
       0
       0
       0
       0
       0
       0
       0
       0
       0
       0
       0
       0
       0
       0
       0
       0
       0
       0
       0
       0
       0
       0
       0
       0
       0
       0
       0
       0
       0
       0
       0
       0
       0
       0
       0
       0
       0
       0
       0
       0
       0
       0
       0
       0
       0
       0
       0
       0
       0
       0
       0
       0
       0
       0
       0
       0
       0
       0
       0
       0
       0
       0
       0
       0
       0
       0
       0
       0
       0
       0
       0
       0
       0
       0
       0
       0
       0
       0
       0
       0
       0
       0
       0
       0
       0
       0
       0
       0
       0
       0
       0
       0
       0
       0
       0
       0
       0
       0
       0
       0
       0
       0
       0
       0
       0
       0
       0
       0
       0
       0
       0
       0
       0
       0
       0
       0
       0
       0
       0
       0
       0
       0
       0
       0
       0
       0
       0
       0
       0
       0
       0
       0
       0
       0
       0
       0
       0
       0
       0
       0
       0
       0
       0
       0
       0
       0
       0
       0
       0
       0
       0
       0
       0
       0
       0
       0
       0
       0
       0
       0
       0
       0
       0
       0
       0
       0
       0
       0
       0
       0
       0
       0
       0
       0
       0
       0
       0
       0
       0
       0
       0
       0
       0
       0
       0
       0
       1
       2
       1
       2
       2
       3
       1
       2
       1
       3
       2
       1
       3
       0
       2
       2
       1
       2
       2
       2
       0
       2
       2
       2
       2
       3
       1
       2
       1
       5
       0
       1
       0
       1
       1
       4
       1
       2
       2
       4
       1
       4
       3
       4
       1
       3
       6
       3
       2
       1
       3
       5
       2
       0
       0
       1
       3
       3
       6
       1
       2
       5
       2
       5
       2
       5
       4
       3
       1
       0
       0
       1
       2
       1
       2
       2
       2
       6
       3
       1
       1
       2
       2
       2
       3
       2
       3
       4
       2
       3
       4
       4
       4
       3
       2
       3
       1
       3
       1
       4
       1
       2
       6
       2
       1
       4
       1
       4
       1
       2
       2
       4
       5
       4
       2
       2
       1
       2
       5
       1
       5
       1
       2
       3
       3
       1
       4
       3
       2
       5
       3
       5
       4
       3
       3
       3
       1
       4
       3
       3
       4
       5
       2
       5
       4
       3
       3
       3
       5
       0
       2
       5
       4
       4
       4
       9
       6
       4
       5
       4
       6
       5
       5
       4
       5
       3
       5
       4
       4
       5
       3
       9
      13
       4
       6
       5
       4
       8
       9
       4
       5
       6
      10
       6
       5
       1
       5
       6
       6
       5
       4
       9
       7
       5
       3
       4
       7
       4
       9
       9
       7
       7
      12
       6
       7
       6
       9
       5
       6
       6
      10
       6
       8
       9
       6
      11
       9
       8
       9
       3
      11
      10
       9
       9
       6
      10
       6
       9
       7
       5
       8
       8
       7
       9
       6
       9
       5
       8
       7
       6
       7
       7
       8
       4
       9
       9
      15
      10
      11
       8
       9
       2
       6
      11
       8
      14
       8
      12
       5
       4
       9
      11
       7
       7
       8
       5
       9
       9
      12
      12
       5
      10
      11
      10
       9
       8
      18
      14
       5
       5
       6
      16
      15
      13
       7
      12
      15
       7
       9
       9
      13
      13
      10
       8
       8
      13
      11
      11
      16
      11
       8
      16
      13
      18
      11
      14
      11
      13
      19
      15
      15
      24
      20
      15
      15
      22
      14
      14
      20
      20
      22
      25
      18
      21
      18
      16
      19
      14
      14
      17
       8
      23
      19
      23
      18
      14
      20
      16
      12
      25
      15
      17
      16
      19
      23
      13
      19
      20
      24
      21
      25
      13
      15
      14
      12
      16
      22
      19
       8
      21
      23
      14
      17
      24
      10
      17
      11
      18
      13
      18
      18
      12
      16
      18
      12
      16
      16
      11
      13
      12
      14
       8
      11
      11
       9
      10
      11
      13
       9
      15
       9
      11
      11
       9
       6
       6
      10
      13
       6
       7
      11
       6
       4
       3
       5
       8
       7
      12
      11
      10
       8
       6
       4
       6
       9
       4
       5
       7
      15
       6
       5
       2
       6
       5
       4
       7
       6
       7
       6
       7
       1
       6
       3
       6
       6
       4
       5
       2
       5
       3
       3
       3
       4
       3
       6
       5
       5
       2
       3
       5
       4
       7
       5
       3
       5
       5
       3
       2
       2
       3
       3
       6
       3
       6
       4
       1
       3
       6
       3
       4
       2
       3
       3
       2
       3
       2
       0
       2
       3
       1
       2
       2
       3
       1
       2
       5
       4
       1
       3
       2
       4
       1
       4
       4
       1
       0
       3
       2
       1
       6
       4
       1
       5
       3
       3
       1
       4
       2
       1
       1
       1
       4
       2
       3
       2
       3
       0
       4
       4
       3
       2
       2
       3
       1
       0
       1
       1
       2
       0
       2
       2
       1
       2
       3
       2
       1
       2
       3
       4
       1
       2
       1
       1
       0
       2
       1
       4
       2
       1
       1
       3
       0
       5
       3
       0
       0
       2
       2
       2
       3
       1
       0
       1
       1
       0
       2
       1
       0
       1
       0
       3
       2
       3
       0
       1
       0
       2
       0
       2
       1
       2
       3
       0
       1
       2
       1
       0
       1
       1
       1
       3
       3
       1
       2
       2
       1
       3
       1
       0
       3
       1
       2
       0
       0
       0
       1
       1
       3
       2
       4
       0
       1
       1
       0
       1
       0
       0
       0
       0
       0
       2
       1
       2
       2
       1
       1
       1
       2
       1
       1
       2
       2
       2
       2
       1
       2
       3
       2
       2
       3
       4
       1
       2
       2
       1
       0
       2
       0
       1
       0
       0
       0
       1
       0
       1
       0
       1
       1
       2
       0
       0
       3
       2
       0
       2
       0
       0
       1
       1
       0
       1
       2
       1
       1
       0
       0
       0
       0
       3
       0
       2
       2
       1
       2
       1
       1
       0
       0
       4
       2
       2
       1
       0
       2
       2
       2
       0
       0
       0
       1
       2
       0
       0
       1
       2
       2
       0
       2
       1
       2
       1
       1
       2
       2
       0
       1
       0
       1
       0
       1
       0
       1
       3
       1
       1
       1
       1
       1
       2
       1
       0
       2
       0
       2
       0
       0
       3
       1
       2
       1
       1
       1
       0
       3
       1
       1
       1
       0
       1
       0
       2
       2
       1
       2
       1
       1
       1
       1
       0
       1
       2
       0
       1
       1
       1
       0
       0
       1
       1
       2
       0
       1
       2
       0
       1
       0
       3
       0
       1
       1
       0
       0
       0
       0
       1
       1
       1
       2
       0
       0
       0
       0
       0
       0
       0
       1
       0
       0
       1
       0
       3
       0
       1
       1
       0
       1
       0
       0
       1
       0
       0
       1
       0
       0
       2
       1
       1
       1
       0
       2
       0
       1
       1
       0
       1
       1
       1
       1
       2
       0
       0
       1
       1
       1
       2
       0
       0
       1
       0
       0
       1
       0
       0
       4
       0
       0
       1
       2
       2
       0
       0
       3
       1
       1
       0
       0
       0
       1
       0
       1
       1
       0
       1
       0
       0
       1
       1
       1
       3
       0
       0
       1
       1
       1
       0
       2
       0
       0
       1
       1
       2
       1
       0
       0
       2
       0
       1
       0
       1
       0
       1
       1
       2
       1
       1
       0
       1
       0
       0
       1
       0
       0
       1
       1
       0
       0
       0
       0
       2
       0
       3
       2
       1
       0
       0
       1
       2
       2
       1
       0
       1
       0
       2
       0
       0
       0
       0
       2
       1
       1
       2
       1
       0
       0
       2
       2
       1
       0
       0
       0
       0
       1
       1
       0
       0
       2
       0
       0
       0
       1
       1
       0
       0
       2
       0
       0
       0
       0
       1
       0
       0
       0
       0
       0
       0
       1
       0
       1
       1
       0
       1
       1
       0
       1
       1
       1
       0
       1
       2
       0
       0
       1
       0
       0
       0
       0
       1
       1
       1
       0
       0
       0
       0
       0
       3
       0
       1
       1
       1
       0
       0
       2
       0
       0
       0
       0
       0
       1
       0
       0
       0
       0
       0
       0
       0
       0
       0
       1
       0
       2
       0
       0
       0
       0
       1
       1
       0
       0
       0
       1
       0
       0
       0
       0
       0
       0
       0
       2
       1
       1
       0
       0
       0
       0
       0
       0
       0
       0
       1
       0
       0
       0
       1
       0
       1
       0
       0
       1
       1
       1
       2
       0
       0
       2
       1
       0
       0
       0
       0
       1
       0
       0
       2
       1
       0
       1
       0
       0
       1
       0
       0
       3
       0
       0
       1
       0
       1
       0
       0
       0
       2
       1
       0
       0
       0
       0
       1
       0
       0
       1
       0
       2
       0
       0
       1
       1
       1
       0
       1
       1
       0
       0
       1
       0
       1
       0
       0
       2
       0
       2
       0
       1
       0
       1
       0
       0
       1
       0
       1
       1
       0
       1
       2
       0
       0
       2
       0
       1
       2
       0
       0
       1
       1
       0
       0
       1
       0
       0
       1
       0
       0
       0
       0
       0
       1
       1
       0
       0
       1
       1
       1
       0
       0
       0
       2
       2
       1
       0
       0
       0
       0
       0
       0
       0
       0
       2
       0
       1
       3
       0
       0
       1
       1
       1
       1
       0
       1
       1
       1
       1
       1
       0
       0
       1
       0
       0
       0
       1
       0
       0
       1
       0
       0
       0
       1
       0
       1
       2
       0
       0
       1
       0
       0
       0
       0
       1
       1
       0
       0
       0
       0
       1
       1
       0
       0
       1
       0
       0
       0
       1
       0
       1
       0
       0
       1
       0
       0
       0
       0
       0
       1
       0
       0
       0
       0
       0
       0
       0
       0
       0
       1
       0
       0
       0
       0
       0
       0
       0
       0
       0
       1
       0
       1
       0
       1
       0
       0
       1
       0
       0
       0
       0
       0
       0
       2
       1
       0
       0
       0
       0
       0
       0
       0
       1
       0
       0
       1
       0
       1
       1
       0
       0
       0
       0
       0
       1
       0
       1
       0
       0
       0
       0
       1
       0
       1
       0
       1
       1
       2
       1
       0
       1
       0
       0
       1
       0
       0
       0
       0
       0
       0
       0
       1
       1
       0
       0
       0
       4
       0
       1
       0
       0
       1
       0
       0
       1
       0
       0
       0
       0
       1
       1
       0
       0
       1
       1
       0
       0
       0
       0
       1
       0
       1
       0
       2
       1
       0
       0
       0
       0
       0
       0
       0
       2
       1
       1
       0
       1
       0
       0
       0
       0
       0
       1
       1
       0
       0
       0
       1
       0
       0
       0
       1
       1
       0
       0
       2
       2
       0
       2
       0
       1
       1
       1
       0
       0
       0
       1
       0
       0
       0
       0
       0
       1
       1
       0
       1
       1
       0
       1
       0
       0
       0
       0
       0
       3
       1
       0
       0
       1
       0
       0
       0
       0
       0
       0
       0
       0
       0
       0
       2
       0
       1
       1
       0
       0
       1
       0
       1
       0
       0
       0
       0
       0
       0
       1
       0
       0
       1
       1
       1
       0
       0
       1
       0
       0
       0
       1
       1
       1
       0
       0
       0
       0
       0
       0
       0
       1
       1
       1
       0
       0
       0
       0
       1
       0
       1
       0
       0
       0
       0
       0
       1
       1
       1
       1
       1
       0
       0
       0
       2
       0
       0
       0
       0
       0
       0
       0
       0
       0
       1
       0
       1
       0
       1
       0
       0
       0
       0
       2
       0
       0
       0
       0
       1
       0
       1
       1
       1
       1
       1
       0
       0
       0
       0
       0
       1
       0
       1
       0
       0
       1
       0
       0
       0
       0
       0
       0
       0
       0
       1
       0
       1
       0
       0
       1
       0
       0
       0
       0
       0
       1
       0
       0
       0
       1
       0
       1
       1
       0
       0
       0
       1
       0
       1
       0
       1
       0
       0
       1
       0
       1
       0
       0
       0
       0
       0
       0
       0
       1
       0
       0
       0
       1
       0
       1
       1
       0
       0
       0
       1
       0
       0
       0
       0
       0
       0
       0
       0
       1
       0
       0
       0
       1
       0
       1
       2
       0
       1
       0
       1
       0
       0
       1
       0
       0
       1
       0
       1
       0
       0
       0
       0
       1
       1
       1
       0
       0
       2
       1
       1
       1
       1
       0
       1
       0
       1
       2
       0
       0
       1
       0
       2
       0
       0
       0
       2
       0
       3
       0
       1
       0
       0
       1
       1
       0
       0
       1
       1
       0
       1
       0
       0
       2
       0
       1
       0
       0
       0
       2
       0
       2
       1
       0
       2
       0
       1
       1
       1
       0
       0
       0
       1
       2
       2
       0
       2
       2
       1
       3
       1
       0
       1
       0
       0
       0
       1
       2
       1
       0
       1
       2
       2
       1
       1
       0
       0
       0
       2
       0
       3
       2
       1
       1
       1
       0
       0
       0
       0
       0
       0
       0
       0
       0
       0
       0
       0
       0
       0
       0
       0
       0
       0
       0
       0
       0
       0
       0
       0
       0
       0
       0
       0
       0
       0
       0
       0
       0
$ROI:
0
$PRESETS:
None
0
0
$ENER_FIT:
0.000000 2.049536
$MCA_CAL:
3
0.000000E+000 2.049536E+000 0.000000E+000 keV
$SHAPE_CAL:
3
0.000000E+000 0.000000E+000 0.000000E+000
