$SPEC_ID:
Scatter
$SPEC_REM:
DET# 1
DETDESC# JLAB-11 MCB 133
AP# Maestro Version 7.01
$DATE_MEA:
03/10/2026 11:47:17
$MEAS_TIM:
773 777
$DATA:
0 2047
       0
       0
       0
       0
       0
       0
       0
       0
       0
       0
       0
       0
       0
       0
       0
       0
       0
       0
       0
       0
       0
       0
       0
       0
       0
       0
       0
       0
       0
       0
       0
       0
       0
       0
       0
       0
       0
       0
       0
       0
       0
       0
       0
       0
       0
       0
       0
       0
       0
       0
       0
       0
       0
       0
       0
       0
       0
       0
       0
       0
       0
       0
       0
       0
       0
       0
       0
       0
       0
       0
       0
       0
       0
       0
       0
       0
       0
       0
       0
       0
       0
       0
       0
       0
       0
       0
       0
       0
       0
       0
       0
       0
       0
       0
       0
       0
       0
       0
       0
       0
       0
       0
       0
       0
       0
       0
       0
       0
       0
       0
       0
       0
       0
       0
       0
       0
       0
       0
       0
       0
       0
       0
       0
       0
       0
       0
       0
       0
       0
       0
       0
       0
       0
       0
       0
       0
       0
       0
       0
       0
       0
       0
       0
       0
       0
       0
       0
       0
       0
       0
       0
       0
       0
       0
       0
       0
       0
       0
       0
       0
       0
       0
       0
       0
       0
       0
       0
       0
       0
       0
       0
       0
       0
       0
       0
       0
       0
       0
       0
       0
       0
       0
       0
       0
       0
       0
       0
       0
       0
       0
       0
       0
       0
       0
       0
       0
       0
       0
       0
       0
       0
       0
       0
       0
       0
       0
       0
       0
       0
       0
       0
       0
       0
       0
       0
       0
       0
       0
       0
       0
       0
       0
       0
       0
       0
       0
       0
       0
       0
       0
       0
       0
       0
       0
       0
       0
       0
       0
       0
       0
       0
       0
       0
       0
       0
       0
       0
       0
       0
       0
       0
       0
       0
       0
       0
       0
       0
       0
       0
       0
       0
       0
       0
       0
       0
       0
       0
       0
       0
       0
       0
       0
       0
       0
       0
       0
       0
       0
       0
       0
       0
       0
       0
       0
       0
       0
       0
       0
       0
       0
       0
       0
       0
       0
       0
       0
       0
       0
       0
       1
       0
       3
       1
       2
       2
       3
       0
       1
       3
       2
       0
       3
       2
       1
       0
       3
       2
       0
       1
       1
       3
       0
       3
       2
       1
       3
       0
       0
       3
       1
       2
       2
       2
       5
       1
       4
       1
       3
       2
       2
       3
       2
       0
       1
       3
       0
       2
       4
       3
       2
       1
       2
       1
       0
       2
       3
       3
       1
       1
       1
       5
       8
       2
       2
       1
       2
       2
       3
       1
       4
       2
       1
       1
       2
       3
       2
       1
       4
       1
       2
       3
       3
       2
       3
       3
       2
       3
       2
       2
       1
       0
       3
       2
       3
       2
       0
       1
       4
       3
       2
       1
       5
       2
       1
       5
       3
       4
       5
       3
       3
       2
       1
       3
       2
       0
       4
       1
       4
       1
       4
       1
       2
       1
       4
       1
       3
       4
       6
       2
       1
       0
       2
       3
       2
       3
       1
       5
       4
       4
       3
       3
       5
       6
       0
       5
       3
       2
       6
       1
       4
       3
       3
       2
       2
       6
       2
       1
       3
       2
       5
       2
       1
       0
       4
       4
       2
       1
       5
       4
       6
       2
       2
       3
       4
       4
       5
       5
       3
       2
       3
       3
       4
       5
       5
       5
       4
       4
       2
       5
       2
       1
       6
       5
       4
       6
       4
       6
       4
       4
       8
       2
       7
       6
       5
      10
       4
       8
       7
       0
       7
       5
       5
       5
      10
      10
       7
       9
       2
       5
       1
       6
      10
       6
       3
       1
       6
       6
       1
       8
       4
       5
       6
       4
       4
       2
       4
       7
      12
      11
       7
       5
       9
       3
       5
       3
       5
       3
       5
       9
       8
       6
       5
       5
      10
       3
       8
       2
       4
       8
       6
       7
       3
       8
       7
       6
       9
       8
      11
       6
       9
       6
       6
      10
       4
       9
       3
       8
      11
       7
       7
      10
       5
       7
       7
       2
       7
      10
       6
       6
       2
       9
       5
       7
       7
      13
       8
       6
       6
       5
       8
       7
       5
      11
      11
       6
       5
       9
       4
       9
       7
       9
       6
       9
       7
       5
       8
      10
      10
       8
      14
      11
      10
       7
      11
       9
      10
       4
       6
      11
       8
      11
      17
      10
      10
      12
      15
      10
       9
      12
      13
      13
       8
      13
      11
      15
      16
      10
      13
       7
      13
      15
      13
      11
      15
      13
      12
      11
      16
      18
      13
      14
      18
      18
      18
      15
      16
      22
      17
      14
      13
      20
      13
      14
       9
       8
       8
      14
      16
      11
      14
      12
      16
      15
       9
      13
      15
      15
      12
      11
      15
      14
       7
      12
      14
      21
      13
       8
      13
      14
       9
      16
      10
       6
      17
       7
       9
      10
       6
      16
       8
      15
      11
      12
       9
      13
      12
       6
       5
       7
      22
      10
       7
       8
       6
       6
      13
       6
       5
       2
      12
       3
       3
       7
       7
       7
       8
       3
       2
       3
      10
       6
       3
       6
       5
       7
       5
       4
       4
       8
       6
       6
       5
       2
       6
       4
       8
       5
       2
       5
       3
       3
       4
       6
       2
       5
       5
       3
       3
       7
       5
       1
       5
       2
       5
       2
       3
       5
       3
       8
       4
       5
       1
       2
       0
       1
       4
       2
       5
       1
       4
       5
       1
       4
       8
       4
       2
       2
       0
       1
       4
       1
       1
       3
       1
       4
       4
       3
       0
       3
       1
       3
       2
       1
       2
       3
       1
       4
       4
       5
       3
       3
       0
       2
       1
       1
       4
       2
       3
       1
       1
       1
       3
       1
       2
       0
       2
       3
       4
       1
       0
       2
       4
       0
       1
       4
       1
       0
       0
       2
       1
       0
       1
       3
       0
       1
       1
       0
       0
       2
       5
       4
       1
       0
       2
       1
       0
       0
       3
       0
       2
       2
       3
       3
       1
       0
       2
       3
       1
       1
       1
       1
       3
       2
       5
       2
       1
       2
       1
       0
       2
       3
       0
       1
       3
       0
       4
       0
       1
       1
       1
       0
       4
       1
       1
       2
       0
       2
       1
       0
       1
       1
       0
       2
       1
       0
       0
       1
       0
       1
       0
       1
       0
       0
       1
       0
       2
       4
       0
       0
       1
       0
       1
       2
       0
       1
       0
       3
       1
       0
       0
       3
       1
       3
       1
       0
       0
       2
       0
       1
       1
       2
       0
       1
       1
       4
       4
       0
       1
       1
       2
       2
       1
       1
       1
       3
       1
       1
       0
       0
       2
       2
       2
       0
       0
       0
       0
       0
       0
       1
       1
       0
       0
       0
       1
       0
       0
       1
       1
       1
       0
       0
       2
       1
       0
       0
       2
       1
       1
       1
       0
       2
       1
       1
       2
       2
       2
       1
       0
       1
       2
       1
       2
       1
       3
       0
       0
       0
       0
       0
       0
       1
       0
       0
       1
       3
       0
       2
       0
       0
       0
       0
       0
       1
       1
       1
       0
       0
       1
       3
       1
       1
       0
       0
       1
       0
       3
       2
       0
       1
       2
       2
       0
       0
       0
       0
       1
       1
       2
       0
       0
       1
       1
       1
       0
       0
       1
       0
       0
       1
       0
       1
       3
       0
       1
       3
       0
       0
       0
       4
       0
       0
       1
       1
       0
       0
       0
       1
       4
       1
       2
       0
       0
       0
       0
       1
       2
       0
       1
       3
       0
       1
       0
       1
       2
       0
       0
       0
       0
       1
       0
       2
       2
       0
       0
       2
       1
       0
       1
       0
       1
       0
       1
       2
       3
       0
       0
       0
       0
       1
       0
       1
       1
       1
       0
       0
       1
       1
       1
       0
       1
       0
       1
       1
       0
       1
       0
       0
       0
       0
       0
       0
       0
       0
       1
       1
       1
       1
       1
       1
       0
       1
       0
       0
       3
       0
       0
       0
       1
       1
       1
       1
       0
       0
       0
       1
       1
       1
       0
       3
       0
       1
       0
       0
       0
       0
       0
       0
       4
       2
       0
       0
       1
       0
       1
       1
       0
       0
       0
       0
       0
       0
       1
       2
       0
       0
       1
       1
       0
       0
       0
       1
       0
       1
       1
       1
       0
       0
       1
       0
       0
       0
       0
       0
       0
       0
       0
       0
       0
       0
       0
       1
       1
       0
       1
       1
       0
       0
       0
       1
       0
       1
       0
       0
       0
       0
       0
       1
       4
       0
       0
       0
       1
       0
       0
       0
       1
       1
       0
       0
       0
       0
       0
       0
       1
       0
       0
       0
       0
       0
       0
       0
       1
       0
       0
       0
       0
       1
       0
       1
       1
       0
       0
       0
       1
       0
       1
       2
       1
       0
       0
       0
       0
       1
       1
       1
       0
       0
       1
       0
       0
       0
       0
       0
       0
       0
       1
       0
       2
       0
       1
       2
       1
       0
       0
       0
       0
       2
       1
       1
       0
       2
       0
       1
       0
       0
       1
       0
       0
       0
       0
       2
       0
       0
       0
       0
       0
       0
       0
       1
       2
       0
       1
       1
       0
       0
       0
       1
       0
       1
       0
       1
       0
       1
       0
       0
       0
       0
       0
       1
       0
       0
       0
       0
       0
       0
       0
       0
       1
       0
       0
       0
       0
       1
       2
       0
       0
       0
       0
       0
       0
       0
       1
       0
       0
       0
       2
       2
       0
       0
       1
       0
       0
       1
       1
       3
       1
       0
       0
       1
       0
       1
       0
       0
       0
       0
       1
       2
       1
       1
       1
       0
       0
       0
       0
       1
       0
       1
       0
       1
       0
       0
       0
       0
       1
       0
       0
       1
       0
       0
       0
       1
       1
       1
       0
       0
       0
       1
       0
       0
       1
       0
       1
       0
       0
       1
       0
       0
       0
       0
       0
       0
       0
       2
       0
       1
       0
       0
       0
       1
       0
       0
       0
       0
       1
       0
       0
       1
       0
       1
       1
       1
       0
       0
       1
       0
       0
       0
       0
       0
       0
       1
       3
       0
       0
       0
       0
       0
       0
       0
       0
       1
       0
       0
       0
       1
       1
       1
       0
       0
       1
       1
       0
       0
       0
       0
       0
       0
       0
       1
       0
       0
       0
       1
       0
       0
       1
       1
       0
       0
       0
       0
       1
       0
       0
       0
       0
       0
       0
       1
       0
       0
       0
       0
       0
       0
       0
       0
       0
       1
       0
       1
       0
       0
       0
       0
       0
       0
       0
       0
       0
       0
       0
       2
       1
       1
       0
       1
       0
       0
       0
       0
       0
       0
       0
       1
       0
       0
       0
       1
       0
       0
       1
       1
       0
       1
       0
       1
       1
       0
       1
       0
       1
       1
       3
       0
       0
       1
       0
       0
       0
       0
       1
       0
       0
       1
       0
       0
       0
       0
       1
       0
       0
       0
       0
       1
       1
       1
       0
       0
       0
       0
       0
       0
       0
       0
       0
       0
       0
       1
       0
       1
       1
       0
       0
       0
       0
       0
       0
       0
       0
       0
       0
       1
       0
       0
       0
       1
       0
       0
       0
       0
       0
       0
       0
       0
       1
       0
       0
       0
       0
       0
       0
       1
       0
       0
       2
       0
       0
       0
       0
       0
       0
       0
       0
       0
       0
       0
       0
       1
       0
       1
       0
       0
       0
       0
       0
       0
       0
       0
       1
       2
       0
       0
       0
       0
       1
       0
       1
       0
       0
       0
       0
       1
       1
       0
       0
       0
       0
       0
       1
       0
       0
       1
       0
       0
       0
       1
       0
       1
       0
       0
       1
       0
       0
       0
       0
       0
       1
       1
       0
       0
       1
       0
       0
       0
       0
       0
       0
       0
       0
       0
       1
       0
       0
       0
       1
       0
       1
       0
       0
       0
       0
       1
       0
       0
       0
       0
       0
       0
       1
       0
       0
       1
       1
       0
       2
       0
       0
       0
       0
       0
       0
       0
       1
       1
       0
       1
       1
       0
       0
       0
       0
       0
       0
       0
       1
       0
       1
       0
       0
       0
       0
       0
       0
       1
       0
       0
       0
       0
       0
       0
       0
       0
       0
       0
       0
       0
       2
       0
       1
       1
       0
       0
       0
       0
       0
       0
       0
       0
       0
       0
       1
       1
       0
       1
       0
       0
       1
       0
       1
       0
       0
       0
       1
       1
       1
       1
       0
       1
       0
       0
       0
       0
       0
       0
       0
       1
       0
       0
       0
       0
       0
       0
       0
       1
       0
       0
       0
       0
       0
       0
       0
       1
       1
       0
       0
       0
       0
       1
       0
       1
       0
       0
       0
       0
       1
       0
       0
       0
       0
       0
       1
       0
       0
       0
       1
       0
       0
       0
       0
       0
       0
       0
       1
       0
       0
       0
       0
       0
       0
       1
       0
       3
       0
       0
       0
       0
       0
       0
       2
       1
       1
       0
       0
       1
       0
       1
       0
       1
       0
       0
       0
       0
       1
       0
       2
       0
       0
       0
       1
       0
       1
       0
       1
       0
       0
       0
       0
       0
       1
       1
       0
       1
       1
       1
       0
       0
       1
       1
       0
       1
       0
       0
       0
       1
       0
       1
       0
       0
       0
       0
       0
       0
       1
       0
       0
       0
       1
       0
       0
       1
       1
       0
       1
       1
       1
       0
       0
       0
       0
       0
       1
       0
       1
       0
       0
       0
       1
       1
       0
       0
       1
       0
       0
       0
       0
       1
       0
       1
       1
       1
       0
       1
       1
       1
       1
       1
       0
       0
       0
       0
       1
       0
       1
       0
       0
       0
       0
       0
       1
       0
       1
       1
       0
       0
       1
       0
       0
       0
       0
       0
       0
       0
       0
       0
       0
       0
       0
       0
       0
       0
       0
       0
       0
       0
       0
       0
       0
       0
       0
       0
       0
       0
       0
       0
       0
       0
       0
$ROI:
0
$PRESETS:
None
0
0
$ENER_FIT:
0.000000 2.049536
$MCA_CAL:
3
0.000000E+000 2.049536E+000 0.000000E+000 keV
$SHAPE_CAL:
3
0.000000E+000 0.000000E+000 0.000000E+000
