$SPEC_ID:
Scatter
$SPEC_REM:
DET# 1
DETDESC# JLAB-11 MCB 133
AP# Maestro Version 7.01
$DATE_MEA:
03/10/2026 09:44:23
$MEAS_TIM:
1382 1388
$DATA:
0 2047
       0
       0
       0
       0
       0
       0
       0
       0
       0
       0
       0
       0
       0
       0
       0
       0
       0
       0
       0
       0
       0
       0
       0
       0
       0
       0
       0
       0
       0
       0
       0
       0
       0
       0
       0
       0
       0
       0
       0
       0
       0
       0
       0
       0
       0
       0
       0
       0
       0
       0
       0
       0
       0
       0
       0
       0
       0
       0
       0
       0
       0
       0
       0
       0
       0
       0
       0
       0
       0
       0
       0
       0
       0
       0
       0
       0
       0
       0
       0
       0
       0
       0
       0
       0
       0
       0
       0
       0
       0
       0
       0
       0
       0
       0
       0
       0
       0
       0
       0
       0
       0
       0
       0
       0
       0
       0
       0
       0
       0
       0
       0
       0
       0
       0
       0
       0
       0
       0
       0
       0
       0
       0
       0
       0
       0
       0
       0
       0
       0
       0
       0
       0
       0
       0
       0
       0
       0
       0
       0
       0
       0
       0
       0
       0
       0
       0
       0
       0
       0
       0
       0
       0
       0
       0
       0
       0
       0
       0
       0
       0
       0
       0
       0
       0
       0
       0
       0
       0
       0
       0
       0
       0
       0
       0
       0
       0
       0
       0
       0
       0
       0
       0
       0
       0
       0
       0
       0
       0
       0
       0
       0
       0
       0
       0
       0
       0
       0
       0
       0
       0
       0
       0
       0
       0
       0
       0
       0
       0
       0
       0
       0
       0
       0
       0
       0
       0
       0
       0
       0
       0
       0
       0
       0
       0
       0
       0
       0
       0
       0
       0
       0
       0
       0
       0
       0
       0
       0
       0
       0
       0
       0
       0
       0
       0
       0
       0
       0
       0
       0
       0
       0
       0
       0
       0
       0
       0
       0
       0
       0
       0
       0
       0
       0
       0
       0
       0
       0
       0
       0
       0
       0
       0
       0
       0
       0
       0
       0
       0
       0
       0
       0
       0
       0
       0
       0
       0
       0
       0
       0
       0
       0
       0
       0
       0
       0
       0
       0
       0
       0
       0
       2
       1
       7
       1
       4
       4
       2
       1
       1
       5
       3
       6
       0
       2
       2
       3
       1
       5
       4
       4
       1
       2
       1
       3
       2
       1
       2
       3
       2
       6
       1
       1
       2
       5
       1
       4
       1
       3
       4
       4
       0
       2
       3
       6
       2
       4
       3
       5
       3
       4
       3
       2
       4
       2
       1
       4
       1
       5
       3
       8
       5
       4
       3
       1
       5
       4
       7
       5
       1
       3
       6
       4
       5
       3
       5
       2
       6
       4
       3
       2
       2
       2
       1
       3
       3
       4
       5
       5
       2
       3
       4
       3
       5
       6
       5
       7
       4
       5
       8
       1
       4
       4
       2
       4
       3
       3
       3
       5
       0
       2
       3
       2
       4
       5
       2
       2
       3
       3
       3
       6
       2
       4
       5
       4
       6
       6
       3
       2
       3
       4
       6
       1
       6
       6
       3
       6
       8
       8
       5
       6
       4
       2
       5
       3
       2
      11
       2
       7
       7
       9
       2
       4
       6
       3
       6
       6
       6
       2
       8
       4
       2
       6
       7
      10
       1
       6
      11
       9
       6
       5
       9
       5
       7
       4
       1
       4
       3
      10
       6
       9
       6
       2
       7
       5
       4
       6
       4
       7
       5
       5
       7
       7
       6
      14
      11
       5
       7
      13
       6
       4
       5
       4
       9
       7
       3
       9
       6
       8
       3
       5
       5
       5
       5
       8
       5
       6
       6
       7
       4
       6
       8
       7
       4
      10
       6
      11
       8
       6
       6
       5
       4
       6
       2
      13
       4
       6
       6
       4
       5
      13
       9
       9
       5
       1
       7
       4
       7
       8
       6
      12
       5
       6
       9
      10
       4
       6
       8
       7
       6
       5
      11
      10
       3
       6
      12
       4
       5
       6
       9
       8
       6
       3
       5
       8
       9
       6
       8
       6
       8
       6
       3
       9
       6
       6
       9
       9
       8
       4
       7
      13
       6
       4
       8
       7
       4
       7
       4
       8
      11
       3
       6
       4
       5
       6
       3
       7
       4
       5
       9
       6
       2
       6
      11
       6
       6
       8
       7
      10
       8
       5
       7
       7
       6
       5
       3
       7
      11
       7
       4
       6
       9
       5
       7
       7
       7
      11
       8
       6
       6
       4
      13
       9
       7
       3
       6
       7
      10
      11
      10
      10
       4
       6
       8
       6
       4
       5
       5
       9
      11
      15
       9
       8
       5
       9
      10
      12
      14
      11
       9
       2
       3
      10
       9
       5
       6
      14
       6
      12
       8
       6
      10
       4
       7
       7
      13
       6
       6
       9
       7
      12
       6
       9
       7
       7
       7
       7
      10
       5
      13
       3
       7
      10
       6
      14
       8
       8
       7
       9
       8
      18
      10
       5
      11
       9
      17
       9
       9
      11
      19
      13
      11
      13
       9
      11
       9
       8
      10
      14
      11
      17
       6
      15
       7
       9
      17
      17
      16
      12
      15
      12
      16
       8
       4
      10
      11
      16
      20
      18
      21
      24
      13
      19
      11
      11
      25
      24
      15
      16
      16
      23
      16
      19
      12
      22
      18
      12
      14
      19
      12
      12
      14
      23
      16
      17
      22
      15
      14
      31
      12
      16
      19
      16
      20
      12
      20
      26
      15
      22
      26
      21
      14
      19
      20
      28
      14
      17
      24
      24
      16
      16
      14
      17
      15
      19
      16
      15
      11
      17
      12
      18
      15
      17
      27
      18
      17
      11
      12
      24
      16
      19
      18
      15
      11
      16
      16
      23
      12
      12
      11
      16
      14
      15
      14
      15
      21
      16
      19
       9
      11
      21
      10
      16
      19
      15
      13
      20
      11
      14
      10
       8
      11
      12
       9
      15
       9
      18
      10
      15
       5
      11
       8
       8
       9
       9
       5
       9
      10
      11
      10
       8
       9
       8
       5
       5
       8
       5
       5
       6
       7
       8
      12
       7
       6
       9
       6
       5
      10
       7
       8
      10
       7
      10
       3
       6
       8
       5
       0
       1
       4
       9
      10
       1
       4
       6
       6
       7
       4
       8
       6
       4
       5
       2
       8
       6
       7
       3
       4
       7
       6
       4
       5
       2
       6
       3
       1
       4
       7
       2
       1
       2
       2
       3
       2
       1
       6
       5
       2
       2
       1
       4
       4
       3
       2
       2
       0
       5
       2
       4
       4
       3
       6
       2
       1
       5
       3
       0
       2
       4
       3
       6
      10
       5
       3
       3
       4
       3
       4
       0
       6
       0
       6
       3
       4
       2
       3
       3
       1
       4
       1
       2
       3
       7
       1
       2
       3
       0
       0
       2
       2
       2
       3
       0
       0
       4
       3
       1
       5
       1
       3
       2
       1
       4
       3
       2
       3
       3
       1
       1
       6
       0
       1
       1
       2
       2
       1
       1
       3
       4
       3
       2
       1
       3
       2
       4
       2
       3
       2
       3
       1
       5
       3
       4
       2
       1
       4
       1
       1
       2
       1
       0
       1
       2
       1
       0
       2
       4
       1
       4
       1
       2
       2
       5
       0
       2
       1
       1
       1
       1
       0
       3
       3
       1
       2
       1
       5
       1
       2
       1
       2
       2
       1
       3
       1
       0
       2
       1
       0
       0
       0
       0
       3
       1
       1
       1
       4
       0
       3
       1
       1
       1
       1
       0
       1
       2
       0
       1
       2
       1
       0
       1
       0
       2
       0
       3
       4
       3
       0
       0
       1
       3
       1
       1
       0
       1
       2
       2
       1
       1
       1
       0
       3
       1
       0
       1
       3
       0
       1
       0
       1
       2
       0
       2
       0
       0
       2
       1
       0
       0
       1
       3
       0
       2
       1
       2
       0
       0
       0
       1
       0
       0
       0
       1
       0
       2
       1
       0
       0
       1
       1
       1
       0
       0
       2
       0
       2
       0
       3
       0
       1
       0
       0
       2
       2
       0
       1
       1
       1
       1
       1
       0
       1
       1
       0
       0
       2
       1
       0
       2
       1
       0
       0
       0
       0
       0
       0
       0
       2
       2
       1
       1
       2
       0
       0
       0
       1
       0
       1
       1
       2
       3
       0
       0
       1
       0
       1
       3
       0
       0
       1
       0
       1
       1
       1
       1
       0
       0
       0
       0
       0
       0
       0
       0
       0
       1
       1
       2
       1
       1
       1
       3
       1
       0
       2
       0
       0
       1
       1
       1
       1
       0
       0
       0
       0
       1
       1
       0
       1
       1
       0
       0
       0
       0
       0
       0
       0
       0
       2
       0
       0
       1
       1
       2
       2
       0
       0
       0
       1
       1
       2
       0
       2
       2
       2
       0
       1
       1
       0
       0
       1
       0
       0
       1
       1
       0
       1
       0
       1
       0
       1
       0
       0
       0
       2
       0
       1
       1
       0
       0
       0
       3
       0
       0
       0
       0
       0
       0
       1
       0
       0
       0
       0
       0
       1
       1
       3
       1
       0
       1
       0
       1
       0
       1
       0
       0
       0
       1
       0
       2
       0
       0
       0
       0
       0
       2
       0
       0
       0
       1
       0
       0
       1
       0
       1
       1
       1
       0
       0
       0
       0
       0
       0
       1
       1
       0
       1
       0
       0
       0
       0
       1
       0
       0
       0
       1
       0
       0
       2
       0
       1
       1
       0
       0
       0
       1
       1
       0
       0
       0
       1
       0
       2
       0
       0
       2
       2
       0
       0
       2
       0
       0
       1
       1
       0
       0
       0
       0
       0
       0
       2
       0
       0
       2
       2
       1
       1
       1
       1
       0
       0
       1
       0
       0
       0
       0
       2
       1
       0
       0
       1
       0
       0
       1
       0
       0
       1
       0
       1
       0
       0
       1
       0
       0
       1
       1
       0
       1
       0
       0
       0
       0
       1
       0
       1
       0
       0
       0
       0
       0
       1
       0
       0
       1
       1
       0
       1
       0
       0
       0
       0
       1
       0
       0
       0
       1
       2
       1
       1
       0
       0
       0
       0
       0
       0
       0
       0
       0
       0
       0
       1
       2
       0
       2
       0
       0
       0
       0
       1
       0
       0
       1
       0
       0
       0
       1
       1
       0
       0
       1
       0
       0
       0
       0
       0
       0
       1
       0
       0
       0
       0
       0
       0
       0
       2
       0
       0
       0
       1
       0
       0
       0
       0
       0
       0
       0
       1
       0
       0
       0
       0
       1
       1
       0
       0
       1
       0
       2
       1
       1
       3
       0
       0
       0
       0
       1
       0
       0
       1
       0
       0
       0
       0
       0
       0
       1
       0
       0
       0
       0
       0
       0
       1
       1
       0
       0
       0
       0
       0
       0
       0
       1
       2
       0
       1
       3
       0
       0
       1
       0
       0
       0
       0
       0
       1
       0
       0
       0
       0
       0
       1
       2
       1
       0
       0
       0
       0
       0
       1
       0
       0
       1
       0
       1
       0
       0
       0
       0
       0
       0
       0
       0
       1
       1
       0
       0
       0
       0
       0
       0
       0
       1
       0
       0
       1
       0
       0
       1
       0
       0
       2
       0
       2
       0
       2
       0
       0
       0
       1
       0
       0
       1
       0
       0
       0
       0
       0
       0
       0
       1
       0
       0
       0
       0
       1
       0
       0
       0
       0
       2
       1
       0
       0
       0
       0
       0
       1
       0
       0
       0
       1
       0
       0
       0
       0
       0
       0
       0
       0
       1
       1
       0
       0
       1
       1
       0
       0
       0
       0
       0
       0
       0
       0
       0
       0
       0
       0
       0
       0
       1
       0
       0
       0
       0
       1
       1
       0
       0
       1
       1
       0
       0
       0
       0
       0
       1
       0
       1
       0
       1
       1
       0
       0
       0
       1
       0
       0
       0
       0
       0
       0
       0
       0
       0
       0
       0
       0
       0
       1
       0
       0
       0
       1
       1
       1
       0
       0
       0
       0
       0
       1
       1
       0
       0
       0
       1
       0
       0
       0
       1
       1
       0
       2
       0
       0
       0
       0
       0
       0
       0
       0
       1
       0
       0
       1
       0
       1
       0
       0
       0
       0
       0
       1
       1
       0
       1
       1
       0
       0
       0
       0
       0
       0
       0
       0
       0
       1
       0
       1
       1
       0
       0
       1
       0
       0
       1
       0
       0
       1
       1
       0
       1
       1
       0
       0
       1
       0
       0
       0
       2
       2
       0
       0
       0
       1
       0
       0
       0
       1
       1
       0
       0
       1
       0
       0
       0
       0
       0
       0
       1
       0
       0
       0
       0
       1
       1
       1
       1
       0
       0
       0
       0
       0
       0
       0
       0
       0
       0
       0
       0
       0
       0
       0
       0
       0
       1
       1
       0
       2
       1
       1
       0
       0
       1
       0
       0
       1
       1
       0
       0
       0
       0
       0
       0
       0
       1
       1
       0
       0
       0
       0
       1
       0
       0
       0
       0
       0
       0
       2
       0
       0
       0
       0
       2
       0
       0
       1
       0
       0
       0
       0
       1
       0
       1
       0
       0
       1
       0
       0
       2
       1
       1
       1
       1
       0
       0
       0
       0
       0
       0
       0
       0
       0
       1
       1
       0
       0
       0
       0
       2
       0
       0
       0
       0
       0
       0
       0
       0
       1
       0
       1
       0
       0
       0
       1
       0
       0
       0
       0
       0
       0
       2
       1
       0
       1
       1
       1
       0
       0
       0
       1
       0
       1
       0
       0
       0
       0
       0
       0
       0
       0
       1
       2
       1
       1
       0
       0
       1
       0
       0
       2
       0
       0
       0
       0
       0
       1
       0
       1
       0
       0
       0
       1
       0
       0
       0
       0
       1
       0
       0
       0
       0
       0
       0
       0
       0
       0
       0
       0
       0
       0
       0
       0
       0
       0
       0
       0
       0
       0
       0
       0
       0
       0
       0
       0
       0
       0
       0
       0
       0
$ROI:
0
$PRESETS:
None
0
0
$ENER_FIT:
0.000000 2.049536
$MCA_CAL:
3
0.000000E+000 2.049536E+000 0.000000E+000 keV
$SHAPE_CAL:
3
0.000000E+000 0.000000E+000 0.000000E+000
