$SPEC_ID:
Recoil
$SPEC_REM:
DET# 2
DETDESC# JLAB-11 MCB 134
AP# Maestro Version 7.01
$DATE_MEA:
03/10/2026 09:44:22
$MEAS_TIM:
1325 1388
$DATA:
0 2047
       0
       0
       0
       0
       0
       0
       0
       0
       0
       0
       0
       0
       0
       0
       0
       0
       0
       0
       0
       0
       0
       0
       0
       0
       0
       0
       0
       0
       0
       0
       0
       0
       0
       0
       0
       0
       0
       0
       0
       0
       0
       0
       0
       0
       0
       0
       0
       0
       0
       0
       0
       0
       0
       0
       0
       0
       0
       0
       0
       0
       0
       0
       0
       0
       0
       0
       0
       0
       0
       0
       0
       0
       0
       0
       0
       0
       0
       0
       0
       0
       0
       0
       0
       0
       0
       0
       0
       0
       0
       0
       0
       0
       0
       0
       0
       0
       0
       0
       0
       0
       0
       0
       0
       0
       0
       0
       0
       0
       0
       0
       0
       0
       0
       0
       0
       0
       0
       0
       0
       0
       0
       0
       0
       0
       0
       0
       0
       0
       0
       0
       0
       0
       0
       0
       0
       0
       0
       0
       0
       0
       0
       0
       0
       0
       0
       0
       0
       0
       0
       0
       0
       0
       0
       0
       0
       0
       0
       0
       0
       0
       0
       0
       0
       0
       0
       0
       0
       0
       0
       0
       0
       0
       0
       0
       0
       0
       0
       0
       0
       0
       0
       0
       0
       0
       0
       0
       0
       0
       0
       0
       0
       0
       0
       0
       0
       0
       0
       0
       0
       0
       0
       0
       0
       0
       0
       0
       0
       0
       0
       0
       0
       0
       0
       0
       0
       0
       0
       0
       0
       0
       0
       0
       0
       0
       0
       0
       0
       0
       0
       0
       0
       0
       0
       0
       0
       0
       0
       0
       0
       0
       0
       0
       0
       0
       0
       0
       0
       0
       0
       0
       0
       0
       0
       0
       0
       0
       0
       0
       0
       0
       0
       0
       0
       0
       0
       0
       0
       0
       0
       0
       0
       0
       0
       0
       0
       0
       0
       0
       0
       0
       0
       0
       0
       0
       0
       0
       0
       0
       0
       0
       0
       0
       0
       0
       0
       0
       0
       0
       0
       0
       0
       0
       0
       0
       0
       0
       0
       0
       0
       0
       0
       0
       0
       0
       0
       0
       0
       0
       0
       0
       0
       0
       0
       0
       0
       0
       0
       0
       0
       0
       0
       1
       1
       0
       0
       0
       0
       0
       0
       1
       0
       1
       1
       0
       0
       0
       0
       1
       1
       2
       2
       0
       0
       0
       0
       0
       1
       2
       0
       0
       1
       0
       2
       0
       2
       2
       1
       2
       0
       2
       2
       1
       0
       0
       0
       3
       1
       0
       0
       2
       1
       0
       1
       2
       4
       0
       1
       2
       1
       1
       0
       0
       1
       1
       2
       2
       3
       3
       1
       0
       1
       1
       1
       0
       1
       1
       2
       0
       0
       1
       2
       0
       1
       1
       0
       1
       1
       3
       0
       1
       4
       1
       3
       3
       1
       1
       1
       0
       0
       1
       1
       2
       3
       0
       1
       1
       2
       1
       0
       2
       0
       0
       2
       1
       1
       3
       1
       0
       1
       0
       6
       2
       1
       1
       0
       1
       0
       1
       3
       2
       2
       1
       2
       0
       4
       0
       1
       0
       0
       1
       4
       0
       1
       3
       0
       2
       1
       2
       1
       0
       0
       2
       0
       1
       1
       2
       4
       0
       0
       1
       3
       1
       1
       2
       2
       1
       3
       5
       1
       2
       0
       0
       1
       1
       1
       5
       4
       1
       2
       2
       3
       2
       2
       2
       6
       1
       1
       2
       1
       2
       0
       2
       4
       1
       0
       1
       1
       2
       2
       3
       2
       1
       2
       0
       2
       0
       2
       2
       0
       2
       2
       1
       1
       1
       1
       3
       0
       3
       3
       3
       0
       3
       1
       1
       0
       1
       2
       1
       2
       2
       0
       3
       2
       3
       1
       3
       1
       2
       2
       3
       3
       3
       5
       1
       2
       0
       3
       3
       3
       2
       3
       3
       2
       2
       0
       4
       4
       3
       0
       1
       5
       2
       2
       1
       4
       2
       3
       1
       6
       4
       2
       3
       1
       2
       5
       1
       1
       4
       2
       1
       1
       4
       4
       2
       0
       1
       1
       2
       3
       1
       1
       2
       1
       2
       1
       3
       1
       4
       4
       3
       4
       0
       0
       4
       2
       1
       1
       3
       4
       1
       2
       2
       3
       0
       1
       3
       6
       1
       5
       0
       0
       1
       4
       1
       4
       3
       2
       3
       1
       1
       1
       1
       3
       0
       0
       2
       5
       2
       7
       1
       2
       4
       3
       1
       2
       2
       3
       3
       1
       1
       3
       2
       3
       3
       2
       6
       2
       5
       3
       1
       3
       4
       1
       4
       3
       1
       1
       1
       4
       3
       4
       1
       2
       4
       2
       2
       1
       2
       5
       0
       1
       2
       3
       2
       5
       2
       4
       4
       2
       4
       2
       4
       1
       4
       2
       3
       1
       3
       2
       2
       1
       2
       1
       1
       2
       3
       4
       1
       4
       3
       0
       2
       1
       0
       3
       2
       1
       2
       2
       6
       1
       2
       4
       1
       1
       1
       4
       1
       3
       3
       0
       2
       2
       1
       0
       3
       2
       2
       0
       3
       5
       3
       3
       2
       5
       2
       3
       2
       2
       3
       4
       1
       2
       0
       1
       3
       2
       3
       1
       1
       1
       4
       0
       2
       5
       3
       2
       1
       3
       2
       4
       1
       2
       3
       1
       4
       4
       1
       5
       3
       4
       5
       1
       4
       0
       1
       4
       1
       1
       4
       2
       6
       2
       1
       1
       2
       4
       2
       1
       1
       3
       2
       6
       3
       2
       0
       2
       3
       0
       1
       6
       2
       7
       1
       1
       2
       3
       4
       1
       1
       1
       1
       1
       4
       3
       4
       2
       3
       1
       3
       1
       3
       1
       4
       4
       3
       0
       4
       4
       4
       5
       2
       1
       2
       4
       2
       2
       3
       1
       5
       4
       2
       1
       3
       0
       0
       4
       2
       2
       4
       5
       1
       2
       2
       4
       2
       2
       6
       1
       5
       2
       4
       7
       2
       0
       4
       1
       5
       2
       1
       2
       2
       4
       2
       4
       6
       1
       1
       0
       7
       3
       3
       7
       3
       2
       3
       4
       2
       1
       1
       7
       2
       7
       1
       2
       2
       2
       2
       3
       1
       5
       2
       7
       5
       1
       6
       5
       7
       3
       6
       5
       2
       4
       5
       5
       4
       7
       0
       3
       4
       1
       5
       6
       3
       1
       6
       2
       1
       3
       4
       2
       6
       5
       3
       3
       8
       3
       6
       5
       1
       2
       3
       5
       5
       6
       7
       4
       2
       3
       5
       2
       8
       4
       6
       6
       5
       7
       4
       6
       3
       6
       7
       6
       6
       4
       7
       2
       5
       6
       5
       6
       2
       2
       9
       9
       4
       6
       5
       2
       6
       9
      10
       7
       8
       5
       2
      10
       4
       3
       5
       2
       3
       7
      11
       4
       8
      12
       4
       3
       2
       6
       4
       4
       4
       3
       5
      10
       4
       9
       9
       9
       6
       7
       6
       8
      10
      15
       2
       5
      10
      13
       4
       5
       9
       8
       7
       7
      10
       5
      10
       8
      12
       8
      12
       5
       5
       5
      13
      10
       9
       8
       9
       7
      11
       7
      11
       8
      12
       8
      10
      18
      13
      12
      14
      13
      11
      12
       7
      18
      11
      16
      14
       6
      13
       7
      12
      12
       9
      17
      14
      10
       8
      10
      18
      10
      19
      14
      16
      16
      14
       8
      11
      12
      21
      15
      15
      16
      14
      16
      19
      16
      21
      19
      15
      16
      19
      11
      15
      12
      23
      14
      10
      17
      17
      11
      21
      21
      17
      19
      26
      15
      10
      22
      13
      13
      21
      21
      14
      30
      22
      20
      19
      14
      10
      19
      20
      16
      16
      17
      22
      17
      16
       7
      27
       9
      16
       8
      10
      16
      22
      11
      24
      22
      18
      13
      11
      13
      14
      12
      12
      15
      28
      20
      12
      15
      14
      17
       8
      12
      14
      18
      10
      13
       9
      16
      12
      10
      11
      19
      11
      11
      10
      17
      10
      16
      11
      11
       5
      18
      10
      12
      10
       4
       8
      12
       8
       9
      10
      10
       9
      11
       9
      10
      13
      11
       8
      10
      10
       8
       5
       7
       9
      12
      14
       5
       4
       7
       7
       9
       7
       4
      10
       5
       6
       8
       7
       3
       6
       5
       6
       3
       8
       3
       5
       6
      10
       3
       5
       4
       4
       7
      13
       8
       6
       6
       4
       4
       7
       2
       4
       2
      11
       3
       6
       5
       6
       3
       5
       3
       5
       4
       9
       4
       6
       3
       3
       4
       5
       5
       7
       6
       4
       3
       7
       3
       4
       4
       5
       1
       2
       3
       2
       3
       2
       4
       1
       5
       1
       9
       4
       1
       2
       3
       4
       4
       8
       5
       3
       1
       2
       5
       1
      10
       3
       2
       2
       2
       4
       2
       3
       1
       6
       4
       4
       2
       1
       6
       5
       1
       3
       1
       3
       2
       3
       1
       3
       0
       4
       5
       1
       3
       2
       3
       0
       6
       3
       2
       3
       3
       2
       1
       1
       3
       5
       0
       3
       2
       1
       1
       1
       1
       1
       4
       2
       3
       2
       0
       3
       2
       3
       1
       0
       5
       1
       3
       4
       3
       1
       6
       1
       3
       1
       0
       3
       0
       3
       2
       3
       1
       2
       2
       0
       3
       2
       2
       3
       4
       2
       0
       1
       1
       4
       1
       1
       1
       2
       1
       0
       0
       3
       0
       1
       2
       0
       0
       1
       3
       2
       1
       2
       0
       1
       2
       3
       1
       1
       3
       0
       2
       2
       1
       2
       2
       1
       3
       1
       2
       0
       1
       1
       0
       2
       2
       0
       0
       3
       1
       0
       1
       2
       2
       0
       1
       1
       1
       1
       0
       1
       4
       1
       2
       0
       0
       1
       1
       0
       2
       1
       1
       1
       1
       1
       2
       2
       0
       2
       2
       0
       1
       0
       1
       2
       2
       2
       1
       1
       0
       0
       1
       0
       0
       0
       0
       0
       1
       2
       0
       0
       0
       1
       1
       0
       0
       0
       0
       2
       0
       0
       0
       1
       0
       1
       0
       1
       1
       1
       0
       1
       1
       1
       0
       1
       0
       2
       0
       2
       1
       1
       0
       1
       1
       0
       0
       2
       0
       1
       1
       0
       1
       0
       0
       1
       0
       0
       0
       0
       0
       0
       0
       0
       0
       0
       0
       0
       0
       1
       1
       0
       2
       0
       0
       2
       0
       0
       0
       0
       0
       0
       1
       0
       0
       0
       0
       0
       0
       0
       1
       0
       0
       0
       0
       0
       0
       1
       0
       1
       1
       1
       0
       0
       0
       0
       0
       1
       0
       0
       1
       0
       1
       1
       0
       1
       1
       1
       1
       0
       1
       1
       0
       0
       1
       0
       0
       0
       0
       1
       0
       0
       2
       0
       0
       0
       0
       0
       0
       1
       0
       0
       2
       0
       1
       0
       1
       0
       1
       1
       1
       1
       1
       0
       1
       0
       0
       0
       1
       2
       0
       0
       2
       0
       1
       0
       0
       1
       0
       0
       1
       0
       0
       0
       0
       0
       0
       0
       0
       0
       0
       0
       1
       0
       0
       1
       0
       1
       1
       0
       0
       1
       1
       0
       0
       0
       0
       1
       0
       0
       1
       1
       0
       1
       1
       0
       0
       1
       1
       0
       0
       0
       3
       0
       0
       1
       0
       1
       2
       2
       0
       0
       1
       0
       0
       1
       0
       2
       0
       0
       0
       2
       0
       0
       5
       1
       1
       0
       2
       0
       0
       3
       1
       1
       0
       1
       0
       2
       4
       1
       1
       1
       1
       1
       0
       0
       4
       1
       1
       1
       3
       1
       0
       2
       0
       1
       1
       1
       4
       1
       1
       2
       2
       2
       3
       1
       1
       2
       1
       1
       0
       1
       1
       3
       2
       2
       2
       2
       0
       1
       2
       3
       4
       4
       1
       3
       1
       4
       4
       2
       4
       4
       2
       3
       5
       2
       2
       3
       4
       4
       2
       4
       3
       2
       5
       4
       3
       3
       6
       7
       5
       2
       2
       2
       2
       3
       5
       6
       7
       6
       6
       2
       4
       5
       3
       8
       5
       4
       7
       3
       7
       6
       4
       4
       5
       5
       6
       5
       4
       8
       2
       4
       8
       7
       4
       6
       2
       5
       7
       6
       3
       8
       2
       2
       5
       6
       4
       7
       7
       9
       7
       2
       5
       8
       1
       7
      11
       5
       4
       3
       4
       6
       9
       4
       2
       8
       5
       2
       8
       8
       7
       4
       5
       3
       5
       4
       7
       4
       3
       1
       3
       4
       1
       6
      10
       8
       6
       1
       2
       3
       4
       4
       6
       5
       4
       5
       5
       6
       5
       3
       6
       5
       9
       6
       5
       2
       2
       1
       0
       7
       3
       4
       2
       1
       2
       2
       4
       4
       4
       3
       4
       2
       1
       1
       5
       3
       4
       3
       2
       2
       4
       4
       1
       3
       2
       2
       1
       1
       3
       3
       4
       3
       0
       3
       1
       0
       2
       2
       1
       2
       3
       2
       0
       0
       3
       1
       0
       0
       1
       0
       0
       1
       2
       1
       2
       3
       0
       2
       0
       1
       0
       0
       0
       0
       2
       0
       0
       0
       0
       0
       0
       1
       0
       0
       0
       0
       0
       1
       0
       0
       0
       0
       0
       0
       0
       0
       0
       0
       0
       0
       0
       0
       0
       0
       0
       0
       0
       0
       0
       0
       0
       0
       0
       0
       0
       0
       0
       0
       0
       0
       0
       0
$ROI:
0
$PRESETS:
None
0
0
$ENER_FIT:
0.000000 2.049532
$MCA_CAL:
3
0.000000E+000 2.049532E+000 0.000000E+000 keV
$SHAPE_CAL:
3
0.000000E+000 0.000000E+000 0.000000E+000
