$SPEC_ID:
Scatter
$SPEC_REM:
DET# 1
DETDESC# JLAB-11 MCB 133
AP# Maestro Version 7.01
$DATE_MEA:
03/10/2026 11:15:49
$MEAS_TIM:
886 891
$DATA:
0 2047
       0
       0
       0
       0
       0
       0
       0
       0
       0
       0
       0
       0
       0
       0
       0
       0
       0
       0
       0
       0
       0
       0
       0
       0
       0
       0
       0
       0
       0
       0
       0
       0
       0
       0
       0
       0
       0
       0
       0
       0
       0
       0
       0
       0
       0
       0
       0
       0
       0
       0
       0
       0
       0
       0
       0
       0
       0
       0
       0
       0
       0
       0
       0
       0
       0
       0
       0
       0
       0
       0
       0
       0
       0
       0
       0
       0
       0
       0
       0
       0
       0
       0
       0
       0
       0
       0
       0
       0
       0
       0
       0
       0
       0
       0
       0
       0
       0
       0
       0
       0
       0
       0
       0
       0
       0
       0
       0
       0
       0
       0
       0
       0
       0
       0
       0
       0
       0
       0
       0
       0
       0
       0
       0
       0
       0
       0
       0
       0
       0
       0
       0
       0
       0
       0
       0
       0
       0
       0
       0
       0
       0
       0
       0
       0
       0
       0
       0
       0
       0
       0
       0
       0
       0
       0
       0
       0
       0
       0
       0
       0
       0
       0
       0
       0
       0
       0
       0
       0
       0
       0
       0
       0
       0
       0
       0
       0
       0
       0
       0
       0
       0
       0
       0
       0
       0
       0
       0
       0
       0
       0
       0
       0
       0
       0
       0
       0
       0
       0
       0
       0
       0
       0
       0
       0
       0
       0
       0
       0
       0
       0
       0
       0
       0
       0
       0
       0
       0
       0
       0
       0
       0
       0
       0
       0
       0
       0
       0
       0
       0
       0
       0
       0
       0
       0
       0
       0
       0
       0
       0
       0
       0
       0
       0
       0
       0
       0
       0
       0
       0
       0
       0
       0
       0
       0
       0
       0
       0
       0
       0
       0
       0
       0
       0
       0
       0
       0
       0
       0
       0
       0
       0
       0
       0
       0
       0
       0
       0
       0
       0
       0
       0
       0
       0
       0
       0
       0
       0
       0
       0
       0
       0
       0
       0
       0
       0
       0
       0
       0
       0
       0
       1
       3
       1
       0
       1
       2
       5
       1
       1
       0
       3
       1
       2
       3
       1
       0
       3
       3
       5
       4
       2
       1
       3
       5
       2
       1
       1
       3
       2
       2
       3
       4
       2
       1
       2
       2
       1
       2
       2
       0
       3
       3
       3
       2
       1
       3
       1
       4
       4
       3
       0
       3
       5
       1
       3
       3
       1
       1
       4
       4
       2
       1
       1
       1
       2
       2
       0
       1
       2
       2
       2
       3
       2
       5
       3
       1
       1
       4
       3
       0
       2
       1
       1
       1
       3
       1
       3
       3
       2
       4
       1
       1
       4
       3
       2
       5
       2
       8
       2
       4
       1
       3
       3
       1
       5
       2
       5
       0
       3
       4
       5
       0
       3
       4
       2
       2
       2
       8
       5
       1
       2
       3
       1
       0
       2
       7
       1
       2
       3
       2
       4
       6
       4
       4
       3
       4
       2
       4
       4
       6
       0
       3
       3
       1
       7
       3
       7
       1
       6
       4
       3
       5
       6
       4
       3
       1
       3
       1
       5
       6
       3
       4
       3
       5
       4
       2
       4
       3
       1
       4
       6
       6
       4
       2
       6
       5
       2
       1
       7
      11
       3
       3
       5
       4
       3
       5
       9
       5
       6
       1
       6
       2
       5
       7
       9
       6
       1
      12
       6
       4
       6
       7
       3
       8
       3
       9
       8
       6
      10
       5
      10
       8
       8
       8
       2
       3
       8
       3
       3
      11
       5
      10
       9
      10
       7
      10
       3
       8
       7
       8
      10
       8
       7
      11
      11
       9
       6
       8
       7
      14
       5
      11
       7
      10
      10
      13
       7
       9
       6
       9
       6
       9
      11
       3
      10
       6
      13
       8
       8
      10
      19
      12
      10
      10
       9
      12
      10
      12
       9
       8
       8
      12
       7
      10
      18
       8
      17
       7
      11
       8
      13
      17
      18
       8
      17
      12
      14
      16
      11
      18
      12
      20
      18
      16
      14
      10
      12
      15
      16
      17
      25
      22
      22
      20
      12
      20
      14
      26
      18
      22
      20
      17
      12
      19
      23
      14
      19
      23
      21
      20
      18
      19
      22
      24
      21
      23
      27
      22
      38
      23
      12
      16
      25
      20
      19
      18
      26
      18
      18
      23
      18
      14
      15
      16
      24
      17
      25
      21
      20
      20
      22
      19
      17
      23
      17
      17
      17
      13
       8
      11
      17
      16
      19
       9
      11
      12
      14
      14
       9
      13
      12
       8
       6
       7
      11
       9
       7
      14
      11
      16
       8
      14
       6
       7
      10
      13
       8
       5
      12
      11
      11
       6
       9
       5
      10
      10
       7
      10
       5
       9
       8
       6
      12
      10
       7
       5
       9
       7
      11
       8
       5
       7
       9
       7
       7
       0
       8
      10
       6
      13
       6
      11
       5
       8
      10
       5
       5
       7
       5
       2
       5
       6
       8
       5
       4
       4
       7
       6
       5
       2
       7
       3
       6
       2
       3
       8
       8
       9
       7
       5
       4
      10
       6
       7
       7
       0
       2
       2
       6
       7
       3
       5
       2
       3
       1
       4
       4
       3
       4
       3
       2
       4
       4
       3
       6
       3
       1
       7
       2
       1
       2
       6
       1
       2
       4
       6
       2
       1
       1
       4
       1
       1
       2
       0
       3
       1
       4
       5
       3
       2
       2
       8
       4
       3
       2
       1
       2
       2
       3
       3
       1
       2
       5
       3
       4
       3
       0
       2
       1
       2
       3
       0
       1
       1
       1
       2
       2
       1
       4
       1
       4
       3
       0
       1
       4
       2
       3
       0
       0
       1
       3
       1
       3
       1
       2
       2
       1
       2
       2
       0
       2
       3
       2
       5
       0
       3
       1
       1
       2
       0
       1
       3
       1
       4
       2
       2
       1
       1
       2
       1
       4
       1
       2
       2
       1
       0
       1
       3
       2
       5
       1
       2
       2
       1
       1
       2
       2
       0
       0
       2
       2
       0
       4
       0
       0
       0
       0
       0
       0
       0
       1
       2
       0
       1
       4
       0
       1
       3
       0
       4
       3
       0
       1
       1
       3
       2
       0
       1
       2
       0
       0
       0
       1
       2
       0
       0
       5
       0
       3
       2
       1
       4
       2
       0
       1
       0
       1
       1
       1
       1
       1
       0
       1
       3
       1
       3
       4
       3
       1
       0
       0
       1
       1
       0
       2
       1
       1
       0
       0
       1
       4
       1
       3
       3
       0
       1
       2
       2
       1
       2
       2
       1
       1
       1
       2
       2
       1
       3
       1
       3
       0
       3
       0
       1
       0
       2
       1
       4
       1
       1
       0
       1
       1
       5
       0
       0
       0
       1
       0
       0
       0
       2
       2
       0
       1
       1
       1
       1
       0
       3
       2
       2
       3
       2
       3
       0
       0
       0
       1
       1
       1
       0
       2
       1
       0
       1
       3
       1
       1
       1
       2
       0
       2
       2
       0
       2
       1
       4
       0
       2
       1
       0
       1
       0
       0
       1
       0
       0
       1
       2
       0
       0
       3
       0
       3
       2
       4
       2
       0
       0
       1
       0
       0
       0
       2
       2
       1
       0
       2
       1
       0
       1
       2
       0
       4
       1
       1
       0
       0
       2
       1
       1
       1
       0
       0
       1
       2
       1
       0
       3
       0
       2
       0
       3
       2
       1
       2
       1
       1
       0
       3
       1
       0
       0
       1
       2
       0
       1
       0
       2
       0
       0
       1
       1
       4
       0
       1
       0
       1
       0
       0
       1
       2
       0
       0
       1
       0
       1
       1
       1
       1
       1
       0
       2
       1
       3
       2
       1
       0
       1
       0
       1
       0
       1
       2
       1
       1
       2
       1
       1
       2
       1
       0
       3
       0
       1
       2
       1
       1
       0
       4
       1
       0
       0
       2
       0
       0
       1
       1
       0
       1
       0
       1
       1
       2
       2
       0
       2
       0
       1
       2
       1
       0
       2
       0
       0
       0
       0
       0
       1
       1
       0
       0
       0
       0
       0
       1
       1
       1
       2
       0
       1
       2
       2
       2
       2
       1
       1
       0
       0
       1
       2
       1
       0
       0
       2
       0
       0
       1
       3
       0
       0
       1
       1
       0
       0
       0
       2
       1
       0
       2
       0
       1
       0
       1
       2
       0
       1
       0
       1
       1
       2
       0
       1
       0
       0
       1
       0
       2
       1
       0
       0
       1
       2
       2
       0
       0
       2
       1
       1
       1
       0
       0
       0
       1
       1
       0
       0
       0
       0
       0
       0
       1
       2
       0
       1
       1
       2
       0
       0
       0
       1
       1
       0
       0
       0
       1
       0
       0
       0
       1
       1
       3
       0
       0
       0
       2
       0
       1
       0
       1
       0
       0
       0
       1
       1
       0
       0
       0
       1
       0
       0
       0
       0
       0
       1
       1
       0
       2
       0
       2
       0
       0
       2
       1
       1
       1
       0
       2
       0
       2
       0
       0
       0
       0
       0
       1
       0
       2
       1
       1
       0
       1
       1
       0
       0
       0
       2
       1
       0
       0
       0
       0
       0
       1
       0
       1
       0
       1
       0
       0
       2
       0
       0
       0
       1
       1
       1
       0
       0
       0
       0
       0
       0
       0
       0
       3
       0
       0
       0
       0
       1
       1
       1
       0
       0
       0
       0
       2
       1
       0
       0
       0
       0
       0
       0
       1
       2
       1
       1
       0
       0
       1
       0
       4
       1
       0
       0
       1
       0
       1
       0
       0
       0
       0
       0
       0
       2
       0
       0
       1
       0
       2
       1
       1
       0
       2
       0
       1
       0
       0
       1
       0
       0
       0
       1
       0
       0
       1
       0
       0
       0
       0
       0
       1
       0
       0
       0
       0
       0
       2
       0
       0
       0
       0
       0
       0
       0
       0
       0
       1
       0
       1
       0
       0
       0
       0
       1
       0
       0
       0
       0
       1
       1
       0
       0
       0
       0
       0
       1
       0
       0
       1
       0
       0
       2
       2
       0
       1
       0
       2
       0
       2
       0
       0
       3
       1
       1
       0
       0
       1
       1
       0
       0
       0
       1
       1
       1
       2
       0
       0
       1
       0
       1
       0
       0
       0
       0
       0
       0
       1
       0
       0
       0
       0
       1
       0
       0
       1
       0
       0
       0
       1
       1
       0
       0
       0
       0
       0
       0
       0
       2
       1
       0
       0
       1
       3
       0
       0
       0
       1
       1
       1
       1
       1
       0
       0
       0
       1
       0
       0
       3
       2
       0
       0
       1
       0
       0
       0
       0
       0
       0
       1
       0
       0
       0
       1
       3
       0
       0
       1
       0
       0
       0
       1
       1
       1
       1
       0
       0
       0
       1
       0
       1
       0
       0
       1
       0
       0
       0
       0
       1
       1
       0
       0
       1
       1
       0
       0
       0
       1
       0
       0
       0
       1
       0
       0
       0
       0
       1
       0
       1
       1
       1
       0
       1
       0
       1
       0
       1
       1
       1
       0
       0
       0
       0
       1
       0
       0
       0
       0
       0
       1
       0
       0
       1
       1
       0
       0
       1
       0
       0
       0
       1
       0
       0
       0
       0
       0
       2
       1
       0
       1
       0
       0
       1
       0
       0
       0
       0
       0
       0
       0
       0
       0
       0
       1
       0
       0
       0
       0
       0
       1
       0
       0
       0
       1
       0
       0
       1
       0
       1
       0
       0
       0
       1
       0
       1
       1
       0
       1
       0
       0
       0
       0
       0
       0
       0
       0
       0
       0
       2
       0
       0
       1
       0
       0
       0
       0
       0
       1
       0
       0
       0
       0
       1
       1
       1
       0
       0
       0
       1
       0
       0
       0
       1
       0
       0
       1
       0
       0
       1
       1
       1
       0
       0
       0
       0
       0
       0
       1
       0
       0
       0
       0
       0
       1
       0
       1
       0
       0
       1
       0
       1
       0
       3
       1
       3
       2
       0
       0
       0
       1
       0
       0
       1
       1
       0
       0
       1
       0
       0
       0
       0
       1
       1
       0
       0
       1
       0
       0
       1
       1
       0
       0
       0
       0
       0
       0
       0
       0
       2
       0
       0
       1
       2
       0
       0
       0
       1
       1
       0
       0
       0
       1
       0
       0
       1
       0
       0
       0
       0
       0
       0
       0
       1
       1
       0
       0
       0
       0
       0
       0
       0
       0
       0
       1
       1
       0
       0
       0
       1
       0
       0
       0
       0
       0
       1
       0
       1
       0
       0
       1
       0
       1
       1
       0
       1
       0
       0
       4
       0
       1
       1
       2
       0
       0
       0
       0
       1
       0
       0
       0
       0
       1
       0
       2
       0
       0
       0
       0
       1
       0
       1
       0
       1
       1
       1
       1
       0
       0
       0
       0
       0
       3
       0
       1
       0
       0
       0
       0
       2
       1
       2
       2
       1
       0
       0
       1
       2
       0
       0
       0
       0
       0
       0
       0
       1
       0
       0
       1
       1
       0
       1
       1
       0
       1
       3
       0
       1
       1
       0
       0
       0
       0
       1
       0
       0
       0
       0
       1
       0
       1
       1
       0
       0
       1
       0
       1
       0
       0
       0
       1
       1
       1
       0
       3
       1
       1
       1
       1
       0
       1
       1
       0
       2
       1
       2
       0
       2
       0
       0
       0
       0
       1
       1
       3
       0
       2
       1
       1
       1
       1
       1
       0
       1
       1
       1
       1
       1
       0
       1
       0
       0
       1
       0
       1
       0
       4
       2
       2
       1
       2
       1
       1
       2
       1
       0
       1
       2
       2
       0
       0
       3
       1
       0
       0
       0
       0
       0
       0
       0
       0
       0
       0
       0
       0
       0
       0
       0
       0
       0
       0
       0
       0
       0
       0
       0
       0
       0
       0
       0
       0
       0
       0
       0
       0
       0
$ROI:
0
$PRESETS:
None
0
0
$ENER_FIT:
0.000000 2.049536
$MCA_CAL:
3
0.000000E+000 2.049536E+000 0.000000E+000 keV
$SHAPE_CAL:
3
0.000000E+000 0.000000E+000 0.000000E+000
