$SPEC_ID:
Recoil
$SPEC_REM:
DET# 2
DETDESC# JLAB-11 MCB 134
AP# Maestro Version 7.01
$DATE_MEA:
03/10/2026 11:47:19
$MEAS_TIM:
738 773
$DATA:
0 2047
       0
       0
       0
       0
       0
       0
       0
       0
       0
       0
       0
       0
       0
       0
       0
       0
       0
       0
       0
       0
       0
       0
       0
       0
       0
       0
       0
       0
       0
       0
       0
       0
       0
       0
       0
       0
       0
       0
       0
       0
       0
       0
       0
       0
       0
       0
       0
       0
       0
       0
       0
       0
       0
       0
       0
       0
       0
       0
       0
       0
       0
       0
       0
       0
       0
       0
       0
       0
       0
       0
       0
       0
       0
       0
       0
       0
       0
       0
       0
       0
       0
       0
       0
       0
       0
       0
       0
       0
       0
       0
       0
       0
       0
       0
       0
       0
       0
       0
       0
       0
       0
       0
       0
       0
       0
       0
       0
       0
       0
       0
       0
       0
       0
       0
       0
       0
       0
       0
       0
       0
       0
       0
       0
       0
       0
       0
       0
       0
       0
       0
       0
       0
       0
       0
       0
       0
       0
       0
       0
       0
       0
       0
       0
       0
       0
       0
       0
       0
       0
       0
       0
       0
       0
       0
       0
       0
       0
       0
       0
       0
       0
       0
       0
       0
       0
       0
       0
       0
       0
       0
       0
       0
       0
       0
       0
       0
       0
       0
       0
       0
       0
       0
       0
       0
       0
       0
       0
       0
       0
       0
       0
       0
       0
       0
       0
       0
       0
       0
       0
       0
       0
       0
       0
       0
       0
       0
       0
       0
       0
       0
       0
       0
       0
       0
       0
       0
       0
       0
       0
       0
       0
       0
       0
       0
       0
       0
       0
       0
       0
       0
       0
       0
       0
       0
       0
       0
       0
       0
       0
       0
       0
       0
       0
       0
       0
       0
       0
       0
       0
       0
       0
       0
       0
       0
       0
       0
       0
       0
       0
       0
       0
       0
       0
       0
       0
       0
       0
       0
       0
       0
       0
       0
       0
       0
       0
       0
       0
       0
       0
       0
       0
       0
       0
       0
       0
       0
       0
       0
       0
       0
       0
       0
       0
       0
       0
       0
       0
       0
       0
       0
       0
       0
       0
       0
       0
       0
       0
       0
       0
       0
       0
       0
       0
       0
       0
       0
       0
       0
       0
       0
       0
       0
       0
       0
       0
       0
       0
       1
       0
       0
       0
       1
       1
       0
       0
       0
       0
       2
       1
       1
       0
       1
       0
       0
       0
       2
       0
       2
       1
       1
       0
       1
       0
       0
       0
       0
       0
       0
       0
       0
       1
       1
       0
       0
       0
       1
       1
       2
       2
       1
       1
       1
       2
       1
       0
       0
       2
       0
       2
       1
       0
       1
       1
       2
       1
       1
       2
       0
       2
       0
       1
       1
       0
       1
       0
       0
       0
       1
       0
       1
       0
       0
       1
       1
       2
       2
       1
       2
       1
       1
       0
       0
       1
       2
       0
       1
       0
       0
       2
       1
       2
       1
       0
       2
       0
       2
       2
       1
       1
       1
       0
       0
       0
       3
       2
       0
       1
       0
       0
       1
       1
       3
       3
       0
       0
       2
       1
       1
       3
       0
       1
       0
       1
       1
       1
       1
       0
       1
       1
       2
       0
       0
       0
       1
       2
       1
       2
       3
       1
       0
       0
       1
       0
       1
       0
       3
       2
       1
       1
       3
       1
       2
       1
       1
       3
       2
       2
       5
       1
       1
       1
       0
       3
       1
       2
       0
       1
       1
       3
       1
       1
       2
       1
       1
       1
       1
       1
       0
       1
       1
       1
       0
       1
       2
       2
       3
       5
       3
       0
       1
       1
       3
       3
       2
       0
       0
       0
       0
       1
       4
       0
       2
       3
       3
       2
       0
       1
       1
       0
       2
       1
       1
       3
       1
       1
       1
       2
       3
       0
       0
       1
       1
       1
       1
       0
       2
       1
       1
       0
       3
       0
       1
       1
       3
       0
       1
       4
       0
       1
       0
       1
       2
       0
       2
       2
       2
       3
       1
       0
       0
       1
       0
       1
       0
       1
       1
       5
       4
       3
       1
       1
       0
       1
       0
       4
       1
       1
       3
       2
       0
       0
       2
       1
       1
       1
       1
       4
       3
       3
       1
       1
       1
       3
       0
       0
       0
       2
       5
       2
       2
       1
       2
       0
       5
       2
       2
       2
       1
       2
       3
       3
       2
       1
       0
       0
       2
       2
       3
       1
       1
       0
       3
       1
       3
       4
       2
       0
       1
       2
       2
       0
       1
       0
       3
       2
       2
       4
       0
       2
       2
       1
       2
       1
       0
       1
       1
       3
       1
       2
       2
       3
       2
       1
       2
       1
       0
       3
       3
       3
       0
       3
       1
       1
       3
       0
       4
       2
       1
       1
       1
       1
       1
       0
       3
       2
       1
       1
       3
       1
       2
       1
       1
       0
       0
       3
       1
       1
       1
       1
       3
       3
       2
       3
       2
       0
       0
       0
       0
       0
       1
       1
       0
       0
       2
       1
       3
       1
       1
       1
       0
       1
       3
       4
       0
       1
       4
       3
       4
       3
       2
       0
       2
       0
       0
       1
       4
       2
       1
       2
       1
       0
       3
       0
       2
       2
       1
       0
       0
       3
       3
       0
       1
       0
       1
       5
       2
       1
       1
       1
       3
       1
       2
       0
       2
       1
       1
       1
       1
       1
       3
       0
       1
       6
       2
       0
       1
       1
       2
       4
       0
       0
       2
       1
       6
       1
       2
       0
       1
       2
       0
       4
       3
       1
       0
       4
       2
       2
       2
       3
       2
       3
       2
       3
       0
       3
       0
       1
       2
       3
       1
       1
       2
       2
       2
       1
       3
       5
       1
       0
       0
       4
       6
       0
       2
       2
       2
       1
       2
       1
       1
       0
       0
       0
       2
       3
       2
       1
       1
       5
       2
       0
       1
       1
       1
       3
       1
       2
       0
       1
       2
       2
       1
       1
       2
       0
       1
       0
       0
       2
       0
       3
       1
       0
       3
       0
       0
       0
       1
       3
       2
       1
       1
       1
       2
       2
       1
       1
       1
       3
       0
       3
       1
       2
       0
       2
       4
       1
       1
       4
       2
       4
       2
       1
       3
       1
       2
       3
       1
       3
       3
       3
       3
       1
       3
       0
       2
       1
       3
       3
       0
       1
       2
       4
       4
       3
       0
       1
       4
       3
       2
       2
       3
       2
       3
       2
       3
       0
       3
       0
       1
       1
       0
       5
       0
       5
       1
       1
       1
       2
       4
       0
       3
       0
       4
       2
       2
       1
       0
       0
       2
       1
       1
       1
       2
       1
       1
       2
       2
       3
       2
       3
       1
       2
       4
       1
       2
       1
       2
       1
       2
       0
       2
       2
       4
       0
       2
       1
       1
       2
       0
       0
       1
       2
       1
       0
       2
       4
       3
       1
       2
       6
       1
       3
       3
       1
       1
       2
       3
       1
       0
       4
       1
       0
       0
       2
       3
       3
       1
       2
       1
       3
       1
       1
       1
       2
       2
       2
       1
       2
       0
       1
       4
       0
       0
       2
       7
       0
       2
       2
       2
       2
       1
       0
       2
       1
       1
       2
       3
       0
       2
       1
       3
       1
       2
       4
       1
       2
       4
       0
       4
       4
       2
       4
       4
       2
       2
       3
       1
       1
       4
       0
       2
       1
       2
       2
       2
       2
       3
       1
       5
       3
       1
       5
       3
       3
       3
       0
       2
       2
       2
       2
       4
       1
       1
       1
       4
       1
       0
       0
       1
       2
       2
       2
       3
       5
       2
       1
       1
       4
       2
       1
       1
       2
       1
       6
       2
       3
       5
       1
       3
       4
       4
       4
       1
       1
       1
       2
       8
       1
       1
       2
       2
       2
       6
       5
       4
       2
       4
       3
      10
       3
       0
       6
       3
       1
       5
       2
       2
       5
       3
       4
       3
       1
       2
       7
       4
       8
       3
       3
       5
       6
       6
       3
       9
       7
       3
       4
       7
       4
       9
       8
       1
       7
       8
       7
       2
       4
       6
       4
       4
       7
       4
       2
       2
       6
       6
       6
       4
       3
       3
       7
      10
       4
       3
      10
       5
       9
       4
       5
       4
       6
       5
       3
       8
       8
       5
      10
       6
       8
       5
       5
       8
      11
      10
       6
       9
      10
       4
      13
       6
      13
      10
       6
       6
      12
       7
      11
       8
      13
       7
      10
      10
      11
      14
       6
      12
       7
       9
      10
       9
       9
       5
      18
       7
       8
      10
       9
      19
       7
       7
      10
      15
      10
       9
      11
      10
      12
      12
      10
      11
       8
       8
      13
      12
      14
      16
      16
      15
      18
      11
      11
      10
      14
      17
       9
       8
       7
       9
       3
       6
       2
       8
       9
      14
       6
       6
      11
       2
      11
      11
       7
       6
       9
      14
      11
       5
       8
       7
       3
      12
      11
      12
      12
      10
       6
       6
       5
       6
       8
      13
       4
       5
       8
      15
       5
       8
       4
       6
      14
      13
       3
       6
       5
       7
       7
       6
       6
       5
       2
       3
       3
      13
       9
       5
       5
       5
       2
       4
       3
       3
       4
       5
       6
       6
       3
       3
       8
       4
       3
       6
       9
       5
       3
       0
       4
       3
       4
       5
       2
       0
       3
       1
       6
       2
       0
       3
       1
       3
       3
       0
       1
       1
       3
       4
       0
       2
       4
       1
       1
       2
       4
       1
       0
       1
       2
       2
       3
       3
       1
       1
       3
       0
       4
       3
       2
       1
       2
       4
       2
       1
       1
       0
       1
       3
       1
       0
       2
       2
       4
       2
       1
       1
       1
       1
       1
       5
       0
       0
       2
       2
       1
       1
       4
       1
       1
       0
       0
       7
       1
       1
       0
       1
       0
       0
       1
       2
       1
       0
       1
       1
       1
       1
       1
       3
       2
       1
       2
       0
       1
       2
       1
       0
       0
       1
       0
       1
       0
       0
       0
       0
       0
       2
       0
       0
       2
       1
       0
       1
       0
       0
       0
       0
       2
       1
       0
       1
       1
       0
       1
       0
       1
       1
       1
       0
       2
       0
       2
       1
       0
       0
       0
       3
       1
       0
       0
       0
       0
       1
       0
       0
       0
       1
       0
       0
       0
       0
       1
       0
       0
       0
       0
       1
       1
       1
       0
       0
       1
       0
       0
       0
       0
       1
       0
       0
       0
       1
       0
       1
       0
       1
       1
       2
       0
       1
       0
       2
       0
       0
       1
       0
       0
       0
       1
       1
       1
       1
       0
       0
       0
       0
       0
       1
       0
       1
       0
       1
       0
       0
       0
       0
       1
       0
       0
       0
       0
       0
       0
       0
       0
       0
       0
       1
       1
       0
       1
       0
       0
       0
       0
       1
       0
       1
       0
       0
       0
       0
       0
       0
       2
       0
       0
       0
       1
       1
       0
       1
       0
       1
       1
       1
       0
       0
       1
       2
       0
       1
       0
       0
       0
       0
       1
       0
       1
       0
       2
       0
       1
       0
       1
       0
       0
       0
       0
       0
       0
       0
       0
       0
       0
       2
       0
       0
       0
       0
       0
       1
       0
       0
       0
       0
       1
       0
       0
       0
       0
       0
       0
       0
       0
       1
       2
       2
       1
       0
       0
       2
       0
       0
       0
       0
       0
       0
       0
       0
       0
       2
       0
       1
       0
       1
       0
       0
       0
       0
       0
       0
       1
       0
       0
       1
       0
       1
       0
       0
       1
       1
       1
       0
       1
       0
       1
       0
       1
       0
       2
       0
       1
       0
       0
       1
       0
       1
       1
       0
       1
       1
       0
       0
       0
       0
       0
       1
       0
       0
       0
       0
       0
       0
       0
       0
       0
       2
       0
       1
       1
       0
       0
       0
       0
       0
       1
       0
       0
       0
       2
       2
       0
       2
       0
       1
       0
       1
       1
       2
       1
       0
       0
       0
       0
       2
       0
       1
       0
       0
       0
       0
       3
       0
       0
       0
       0
       2
       0
       2
       2
       2
       1
       0
       0
       0
       1
       0
       1
       2
       2
       3
       0
       0
       0
       3
       2
       1
       1
       0
       0
       2
       1
       2
       1
       0
       2
       0
       1
       1
       1
       1
       4
       3
       1
       2
       2
       3
       1
       4
       1
       1
       2
       2
       1
       1
       4
       1
       0
       1
       3
       1
       1
       2
       4
       2
       1
       3
       0
       1
       5
       6
       3
       4
       2
       3
       0
       4
       5
       3
       3
       2
       6
       3
       5
       5
       4
       1
       3
       2
       2
       3
       2
       4
       4
       2
       6
       4
       2
       2
       1
       3
       2
       1
       4
       3
       4
       1
       2
       5
       2
       8
       3
       2
       1
       1
       3
       8
       2
       1
       5
       5
       3
       5
       4
       1
       2
       3
       8
       2
       1
       2
       5
       3
       5
       5
       4
       6
       4
       7
       1
       5
       9
       5
       3
       5
       3
       4
       1
       4
       3
       2
       2
       3
       2
       5
       5
       3
       2
       1
       3
       0
       6
       1
       6
       5
       0
       4
       2
       3
       1
       1
       4
       7
       2
       2
       0
       1
       0
       4
       2
       1
       3
       5
       5
       5
       4
       3
       3
       2
       1
       2
       3
       1
       0
       6
       3
       2
       2
       1
       1
       0
       3
       3
       0
       1
       1
       0
       1
       3
       1
       2
       5
       0
       1
       2
       1
       1
       0
       2
       2
       2
       1
       1
       1
       0
       0
       1
       0
       1
       2
       2
       0
       0
       0
       2
       0
       0
       0
       2
       1
       0
       0
       0
       0
       0
       0
       0
       1
       0
       0
       0
       0
       0
       1
       2
       0
       1
       0
       0
       2
       0
       0
       0
       0
       0
       0
       0
       0
       0
       0
       0
       0
       0
       0
       0
       0
       0
       0
       0
       0
       0
       0
       0
       0
       0
       0
       0
       0
       0
       0
       0
       0
       0
$ROI:
0
$PRESETS:
None
0
0
$ENER_FIT:
0.000000 2.049532
$MCA_CAL:
3
0.000000E+000 2.049532E+000 0.000000E+000 keV
$SHAPE_CAL:
3
0.000000E+000 0.000000E+000 0.000000E+000
