$SPEC_ID:
Recoil
$SPEC_REM:
DET# 2
DETDESC# JLAB-11 MCB 134
AP# Maestro Version 7.01
$DATE_MEA:
03/10/2026 09:29:28
$MEAS_TIM:
236 240
$DATA:
0 2047
       0
       0
       0
       0
       0
       0
       0
       0
       0
       0
       0
       0
       0
       0
       0
       0
       0
       0
       0
       0
       0
       0
       0
       0
       0
       0
       0
       0
       0
       0
       0
       0
       0
       0
       0
       0
       0
       0
       0
       0
       0
       0
       0
       0
       0
       0
       0
       0
       0
       0
       0
       0
       0
       0
       0
       0
       0
       0
       0
       0
       0
       0
       0
       0
       0
       0
       0
       0
       0
       0
       0
       0
       0
       0
       3
     289
     367
     428
     460
     560
     618
     678
     783
     924
    1011
    1109
    1341
    1505
    1748
    1849
    2123
    2310
    2461
    2705
    2881
    2981
    3155
    3258
    3363
    3580
    3437
    3414
    3332
    3124
    3039
    2948
    2639
    2512
    2270
    2027
    1865
    1645
    1472
    1291
    1142
     950
     898
     801
     689
     568
     538
     452
     393
     327
     325
     271
     227
     210
     193
     186
     153
     166
     163
     133
     144
     151
     164
     155
     122
     127
     151
     147
     142
     166
     156
     149
     146
     159
     147
     169
     200
     193
     187
     189
     172
     193
     219
     209
     215
     213
     204
     232
     230
     238
     256
     226
     238
     242
     242
     234
     241
     284
     252
     247
     254
     217
     222
     218
     238
     220
     205
     205
     216
     221
     222
     221
     210
     215
     201
     223
     228
     230
     217
     199
     243
     218
     240
     234
     207
     243
     240
     244
     247
     235
     240
     283
     238
     261
     283
     264
     264
     279
     312
     293
     293
     290
     303
     329
     346
     315
     317
     313
     339
     345
     349
     384
     401
     370
     365
     414
     405
     444
     414
     468
     464
     482
     487
     527
     529
     584
     558
     628
     638
     653
     655
     693
     721
     771
     772
     795
     792
     874
     841
     894
     827
     920
     941
     895
     900
     903
     897
     887
     866
     886
     862
     805
     824
     750
     691
     723
     681
     674
     631
     567
     549
     503
     447
     407
     456
     392
     365
     315
     289
     301
     303
     255
     225
     239
     215
     196
     188
     153
     183
     169
     187
     192
     168
     143
     162
     167
     170
     175
     152
     178
     140
     133
     146
     162
     169
     181
     168
     164
     151
     160
     182
     170
     168
     145
     178
     143
     160
     166
     169
     184
     172
     149
     141
     156
     144
     149
     160
     166
     183
     175
     173
     166
     166
     188
     179
     158
     167
     173
     148
     174
     153
     166
     175
     180
     174
     183
     172
     165
     169
     175
     188
     174
     158
     159
     156
     156
     171
     183
     180
     190
     162
     179
     161
     161
     197
     182
     154
     182
     160
     182
     177
     180
     167
     162
     178
     159
     159
     167
     160
     176
     174
     180
     163
     167
     161
     169
     167
     162
     175
     134
     153
     177
     161
     194
     171
     171
     159
     150
     154
     191
     183
     172
     183
     171
     164
     183
     181
     180
     168
     157
     183
     169
     189
     169
     189
     170
     190
     156
     177
     181
     189
     169
     185
     155
     192
     171
     179
     204
     189
     178
     195
     189
     185
     196
     166
     162
     203
     190
     180
     192
     205
     180
     170
     210
     188
     197
     181
     168
     200
     182
     178
     216
     213
     191
     192
     186
     202
     211
     209
     194
     204
     184
     201
     197
     201
     204
     214
     189
     196
     189
     182
     209
     203
     193
     218
     208
     198
     197
     215
     212
     203
     218
     206
     197
     216
     203
     190
     212
     209
     178
     212
     199
     183
     202
     217
     180
     182
     195
     202
     192
     186
     208
     190
     209
     190
     194
     164
     174
     201
     173
     178
     164
     182
     198
     199
     191
     186
     166
     161
     182
     172
     192
     161
     166
     178
     177
     190
     163
     184
     162
     156
     172
     191
     173
     161
     164
     182
     207
     210
     190
     158
     163
     159
     155
     192
     181
     161
     162
     166
     177
     175
     158
     200
     174
     177
     145
     166
     192
     159
     193
     166
     166
     150
     152
     179
     142
     188
     164
     162
     176
     179
     195
     169
     172
     170
     157
     145
     146
     148
     161
     165
     144
     142
     133
     152
     149
     142
     146
     174
     167
     178
     173
     154
     151
     172
     153
     164
     158
     156
     140
     144
     141
     152
     140
     137
     132
     135
     126
     114
     143
     143
     148
     139
     141
     144
     151
     144
     134
     138
     126
     137
     120
     134
     148
     128
     153
     130
     147
     145
     138
     119
     156
     139
     122
     113
     109
     129
     111
     122
     121
     143
     127
     145
     130
     113
     129
     135
     139
     118
     128
     118
     147
     134
      97
     134
     136
     119
     150
     120
     142
     137
     141
     124
     100
     123
     118
     119
     114
     122
     100
     148
     117
     113
     113
     110
     121
     128
     121
     117
     125
     106
     126
      94
     128
     102
     114
     117
     123
     111
     123
     133
     111
     114
     108
     129
      99
      97
     115
     109
     111
      94
     102
     100
     109
     121
     122
     109
     108
      97
     127
     115
      88
     115
      94
     100
     116
     107
      93
     105
      88
     101
     115
      98
     116
     111
     100
      93
     100
      92
     104
      91
     115
     113
     111
     102
     103
     101
      86
      95
     110
     105
     122
      98
      87
     102
      98
      90
     123
      97
     103
      83
      91
      82
     114
     126
     114
      99
      91
     107
     111
     117
     131
     103
     116
     111
     119
     111
     105
     117
     128
     107
      89
     101
      95
      93
     105
     113
     112
     103
     112
     117
     117
     117
     101
     113
     117
     111
     129
     105
     122
     112
     122
     106
     146
     118
     115
     129
     137
     137
     117
     147
     134
     135
     139
     139
     130
     131
     119
     141
     153
     138
     124
     151
     123
     158
     135
     138
     146
     149
     152
     134
     157
     144
     135
     131
     142
     158
     144
     138
     135
     141
     153
     137
     154
     146
     163
     161
     138
     147
     133
     140
     187
     151
     145
     180
     153
     148
     139
     177
     140
     133
     165
     165
     154
     163
     164
     172
     150
     184
     174
     151
     155
     177
     177
     153
     173
     167
     192
     206
     190
     167
     182
     166
     170
     204
     175
     191
     179
     182
     147
     193
     167
     196
     169
     163
     203
     175
     184
     177
     178
     179
     163
     177
     170
     176
     178
     184
     153
     195
     182
     201
     134
     166
     181
     180
     159
     157
     155
     170
     175
     160
     142
     160
     171
     174
     146
     155
     159
     164
     147
     162
     161
     130
     157
     150
     149
     150
     131
     122
     145
     159
     123
     149
     126
     123
     128
     117
     125
     116
     124
     128
     129
     118
     130
     145
     102
     126
     100
     114
     119
     124
     112
     108
     122
     121
     111
     108
     119
     115
     101
     112
     108
     130
     106
     110
     115
     132
     124
     125
     121
     139
     131
     152
     141
     141
     128
     147
     180
     149
     156
     147
     158
     168
     146
     164
     157
     148
     174
     199
     203
     185
     194
     182
     183
     222
     210
     206
     203
     214
     210
     221
     203
     207
     248
     228
     244
     239
     244
     283
     232
     233
     243
     275
     256
     296
     256
     294
     265
     284
     259
     312
     269
     297
     312
     270
     296
     278
     287
     282
     326
     314
     310
     323
     323
     308
     336
     360
     283
     332
     334
     319
     320
     301
     327
     332
     293
     306
     298
     320
     328
     327
     298
     306
     313
     324
     314
     294
     336
     305
     318
     295
     318
     305
     309
     335
     301
     304
     281
     296
     311
     271
     275
     313
     266
     286
     260
     268
     259
     236
     240
     243
     223
     226
     245
     232
     235
     212
     225
     198
     233
     222
     177
     205
     217
     194
     213
     185
     186
     209
     156
     160
     152
     155
     166
     157
     152
     159
     146
     153
     140
     143
     138
     136
     143
     115
     125
     134
     110
     123
     133
     115
     118
     129
     109
      98
     125
      85
     102
      83
     121
      86
     112
     104
      96
     111
      94
      90
      99
      96
      85
      87
      93
      75
     104
      92
      93
      85
      74
      71
      72
      82
      80
      77
      78
      72
      73
      80
      75
      67
      71
      69
      67
      62
      64
      69
      63
      75
      73
      59
      60
      53
      56
      58
      54
      52
      64
      57
      62
      61
      55
      45
      59
      54
      48
      50
      46
      51
      47
      48
      56
      49
      47
      49
      48
      44
      33
      44
      42
      43
      40
      39
      47
      45
      32
      37
      41
      65
      43
      63
      56
      39
      49
      49
      49
      43
      57
      47
      30
      42
      47
      41
      33
      42
      35
      44
      48
      56
      37
      43
      48
      53
      41
      33
      46
      33
      41
      33
      30
      42
      45
      33
      46
      43
      33
      38
      42
      42
      28
      29
      37
      37
      34
      40
      45
      28
      44
      45
      34
      48
      30
      44
      30
      50
      38
      34
      37
      46
      40
      39
      42
      31
      38
      35
      34
      38
      30
      32
      37
      35
      35
      39
      34
      33
      39
      31
      29
      37
      34
      37
      43
      30
      34
      34
      40
      40
      33
      30
      37
      35
      27
      25
      36
      32
      35
      32
      22
      13
      34
      30
      32
      39
      32
      27
      33
      30
      33
      26
      27
      24
      34
      35
      25
      26
      34
      32
      30
      28
      28
      25
      28
      23
      27
      23
      26
      20
      24
      19
      34
      31
      17
      18
      27
      23
      23
      21
      20
      21
      23
      30
      23
      24
      17
      29
      26
      29
      22
      21
      16
      27
      18
      29
      24
      15
      23
      23
      18
      25
      19
      26
      23
      17
      13
      27
      24
      25
      21
      19
      16
      18
      17
      19
      14
      19
      15
      22
      10
      21
       6
      14
      12
      15
      12
      13
      18
       8
      14
      11
      17
      12
      18
      15
      14
      19
      13
      15
      24
      16
      15
      18
      14
      17
      13
      21
      20
      23
      19
      14
      21
      14
      24
      25
      12
      10
      16
      15
      15
      13
      20
      14
      17
      13
      16
      18
      15
      14
      12
      19
      18
      15
      13
      18
      17
      11
      18
      14
      14
      15
      13
      22
      18
      18
      13
      13
      18
      16
      12
      11
      13
      15
       9
      15
      14
      12
      13
       9
      17
      21
      11
      20
      16
      13
      14
      18
      20
      14
      14
      20
       9
      11
      13
      19
      16
      14
       7
       9
      15
      13
      18
      10
      11
      14
       9
      16
      15
       7
      15
      14
      14
      21
      15
      18
       8
       9
      12
      15
      17
      16
      18
      15
      22
       6
      14
      16
      17
      14
      11
      12
      12
      12
      16
      18
      16
       7
      13
       6
      10
      13
       9
       6
      14
      14
      10
      13
       9
      16
       7
      16
      10
      12
      12
      14
      19
      10
       9
      15
      13
      14
      15
      12
       6
      12
       3
      12
      13
      14
      11
      13
      16
       8
      19
      11
      15
       8
      13
       9
      14
      11
      11
      10
      13
      10
       9
       8
      11
      14
      15
      14
      12
      13
      10
      15
      16
      17
       9
      17
       9
      12
      13
      11
      10
       9
      13
      13
      20
      17
      11
      13
      17
      10
      18
       9
      10
       8
       8
      11
      14
      18
      15
      14
      10
      14
      15
       8
      12
      11
      20
      14
      14
      13
      15
      16
      16
      11
      13
      16
      10
       6
      12
      11
      14
      13
      23
      10
      20
      11
      14
      13
      12
       8
      11
      17
      13
      16
       8
       9
      14
      12
      11
      17
      18
      14
      17
      12
      13
      14
      18
      15
      13
      12
      11
      14
       9
      20
      17
      10
      21
      20
      21
      18
      19
      21
      16
      19
      17
      19
      16
      13
      25
      15
      17
      18
      16
      20
      13
      21
      20
      16
      14
      13
      17
      12
      12
      20
      17
      14
      25
      19
       8
      18
      13
      15
      26
      23
      25
      17
      24
      23
      27
      17
      18
      26
      28
      14
      22
      21
      25
      22
      28
      19
      19
      23
      28
      31
      28
      14
      26
      35
      23
      40
      35
      37
      31
      25
      42
      34
      32
      24
      40
      32
      32
      22
      41
      33
      36
      46
      34
      39
      32
      40
      58
      36
      39
      37
      30
      40
      37
      41
      52
      51
      46
      63
      54
      50
      53
      61
      64
      49
      57
      54
      59
      72
      59
      58
      61
      72
      77
      72
      74
      73
      71
      76
      71
      66
      84
      68
      81
      69
      84
      67
      99
      91
      82
      84
      84
      90
      91
      96
     107
     101
      88
      88
     102
     125
     111
     108
      95
     106
     106
     115
     123
     126
     136
     126
     105
     117
     133
     125
     138
     129
     113
     122
     141
     147
     146
     138
     138
     153
     155
     154
     143
     156
     144
     154
     148
     148
     151
     153
     166
     150
     141
     172
     160
     138
     187
     174
     180
     171
     176
     175
     164
     151
     180
     166
     195
     173
     181
     172
     169
     169
     172
     182
     157
     195
     168
     173
     161
     183
     166
     195
     181
     191
     165
     188
     173
     165
     195
     161
     180
     161
     161
     169
     184
     189
     157
     161
     181
     144
     160
     165
     170
     144
     154
     168
     189
     139
     164
     162
     161
     150
     150
     162
     159
     159
     133
     138
     140
     141
     148
     150
     114
     129
     112
     130
     120
     113
     115
     115
     132
     117
     116
     106
     122
     115
     120
      85
     104
      93
     110
     102
      95
     105
      92
      95
      91
      69
      77
      71
      85
      82
      82
      80
      65
      70
      80
      82
      73
      77
      57
      71
      47
      58
      66
      53
      55
      46
      70
      45
      57
      46
      52
      58
      40
      50
      35
      54
      44
      40
      43
      30
      31
      39
      39
      23
      41
      33
      38
      30
      24
      20
      32
      30
      24
      25
      21
      24
      24
      20
      20
      21
      24
      22
      11
      17
      14
      20
      14
      15
      16
      18
      16
      16
       8
      16
      15
      12
      14
      15
       8
      14
      10
       6
      18
       0
       0
       0
       0
       0
       0
       0
       0
       0
       0
       0
       0
       0
       0
       0
       0
       0
       0
       0
       0
       0
       0
       0
       0
       0
       0
       0
       0
       0
       0
       0
       0
$ROI:
0
$PRESETS:
None
0
0
$ENER_FIT:
0.000000 2.049532
$MCA_CAL:
3
0.000000E+000 2.049532E+000 0.000000E+000 keV
$SHAPE_CAL:
3
0.000000E+000 0.000000E+000 0.000000E+000
