$SPEC_ID:
Recoil
$SPEC_REM:
DET# 2
DETDESC# JLAB-11 MCB 134
AP# Maestro Version 7.01
$DATE_MEA:
03/10/2026 11:31:21
$MEAS_TIM:
841 881
$DATA:
0 2047
       0
       0
       0
       0
       0
       0
       0
       0
       0
       0
       0
       0
       0
       0
       0
       0
       0
       0
       0
       0
       0
       0
       0
       0
       0
       0
       0
       0
       0
       0
       0
       0
       0
       0
       0
       0
       0
       0
       0
       0
       0
       0
       0
       0
       0
       0
       0
       0
       0
       0
       0
       0
       0
       0
       0
       0
       0
       0
       0
       0
       0
       0
       0
       0
       0
       0
       0
       0
       0
       0
       0
       0
       0
       0
       0
       0
       0
       0
       0
       0
       0
       0
       0
       0
       0
       0
       0
       0
       0
       0
       0
       0
       0
       0
       0
       0
       0
       0
       0
       0
       0
       0
       0
       0
       0
       0
       0
       0
       0
       0
       0
       0
       0
       0
       0
       0
       0
       0
       0
       0
       0
       0
       0
       0
       0
       0
       0
       0
       0
       0
       0
       0
       0
       0
       0
       0
       0
       0
       0
       0
       0
       0
       0
       0
       0
       0
       0
       0
       0
       0
       0
       0
       0
       0
       0
       0
       0
       0
       0
       0
       0
       0
       0
       0
       0
       0
       0
       0
       0
       0
       0
       0
       0
       0
       0
       0
       0
       0
       0
       0
       0
       0
       0
       0
       0
       0
       0
       0
       0
       0
       0
       0
       0
       0
       0
       0
       0
       0
       0
       0
       0
       0
       0
       0
       0
       0
       0
       0
       0
       0
       0
       0
       0
       0
       0
       0
       0
       0
       0
       0
       0
       0
       0
       0
       0
       0
       0
       0
       0
       0
       0
       0
       0
       0
       0
       0
       0
       0
       0
       0
       0
       0
       0
       0
       0
       0
       0
       0
       0
       0
       0
       0
       0
       0
       0
       0
       0
       0
       0
       0
       0
       0
       0
       0
       0
       0
       0
       0
       0
       0
       0
       0
       0
       0
       0
       0
       0
       0
       0
       0
       0
       0
       0
       0
       0
       0
       0
       0
       0
       0
       0
       0
       0
       0
       0
       0
       0
       0
       0
       0
       0
       0
       0
       0
       0
       0
       0
       0
       0
       0
       0
       0
       0
       0
       0
       0
       0
       0
       0
       0
       0
       0
       0
       0
       0
       2
       0
       0
       0
       2
       0
       0
       1
       0
       0
       0
       1
       1
       0
       0
       2
       0
       1
       0
       0
       2
       0
       0
       0
       0
       1
       0
       1
       1
       0
       0
       0
       0
       0
       0
       1
       1
       0
       0
       2
       1
       0
       0
       0
       0
       1
       0
       1
       0
       2
       1
       0
       1
       0
       1
       0
       2
       0
       0
       1
       0
       1
       2
       1
       0
       0
       1
       0
       1
       2
       4
       1
       0
       2
       0
       0
       0
       2
       1
       0
       3
       1
       4
       2
       1
       0
       3
       1
       3
       0
       0
       1
       0
       1
       0
       1
       0
       1
       0
       0
       1
       1
       0
       0
       1
       0
       3
       2
       1
       0
       1
       0
       0
       0
       2
       1
       0
       2
       1
       3
       0
       1
       1
       1
       2
       1
       1
       2
       3
       2
       1
       3
       2
       1
       1
       1
       1
       1
       0
       1
       0
       1
       0
       3
       0
       0
       0
       0
       3
       3
       0
       2
       1
       0
       1
       1
       2
       1
       2
       1
       2
       1
       0
       0
       4
       0
       2
       1
       1
       2
       3
       2
       4
       1
       0
       1
       2
       1
       3
       1
       3
       3
       0
       0
       4
       2
       3
       0
       4
       1
       2
       1
       1
       1
       1
       0
       0
       3
       2
       1
       0
       1
       5
       2
       1
       2
       0
       3
       2
       1
       1
       1
       3
       1
       0
       0
       5
       0
       3
       2
       1
       2
       3
       2
       1
       1
       2
       4
       2
       5
       1
       1
       0
       0
       4
       0
       2
       2
       2
       0
       2
       2
       0
       1
       2
       1
       3
       1
       4
       1
       1
       0
       2
       4
       2
       0
       1
       2
       1
       2
       1
       4
       1
       0
       0
       2
       1
       2
       1
       0
       2
       1
       1
       1
       2
       1
       2
       2
       3
       2
       3
       0
       1
       5
       3
       4
       1
       1
       0
       5
       1
       4
       2
       0
       2
       4
       2
       0
       3
       2
       2
       1
       4
       2
       0
       4
       2
       5
       0
       3
       2
       0
       1
       3
       0
       2
       0
       1
       3
       2
       2
       3
       4
       1
       1
       3
       2
       2
       2
       0
       1
       0
       4
       0
       0
       1
       3
       2
       4
       2
       1
       3
       2
       2
       0
       1
       1
       4
       1
       0
       2
       3
       3
       2
       3
       2
       1
       4
       3
       1
       3
       1
       2
       5
       1
       3
       6
       2
       2
       1
       2
       2
       4
       0
       3
       3
       3
       2
       2
       3
       3
       2
       1
       0
       1
       1
       1
       1
       1
       1
       1
       0
       1
       2
       0
       3
       0
       4
       3
       4
       2
       4
       5
       3
       2
       2
       0
       2
       0
       2
       2
       3
       0
       3
       1
       3
       0
       4
       1
       2
       2
       4
       0
       4
       2
       1
       2
       2
       3
       2
       2
       4
       3
       5
       1
       1
       0
       2
       2
       4
       2
       2
       1
       0
       2
       0
       2
       1
       0
       3
       1
       2
       0
       2
       3
       4
       3
       0
       3
       0
       2
       1
       1
       1
       1
       4
       2
       2
       2
       5
       1
       3
       0
       2
       6
       0
       2
       2
       2
       2
       3
       2
       3
       1
       1
       5
       2
       2
       3
       0
       0
       3
       1
       2
       1
       2
       2
       3
       1
       2
       2
       2
       2
       1
       3
       1
       6
       2
       2
       1
       1
       3
       3
       3
       0
       0
       3
       2
       1
       0
       2
       4
       8
       1
       1
       1
       2
       4
       0
       5
       3
       1
       0
       3
       4
       2
       1
       1
       2
       2
       0
       1
       2
       1
       0
       3
       2
       2
       2
       4
       2
       3
       4
       1
       1
       3
       2
       1
       0
       0
       4
       1
       2
       0
       5
       0
       1
       2
       2
       1
       0
       1
       0
       2
       2
       3
       2
       4
       3
       2
       1
       1
       2
       1
       0
       1
       2
       2
       3
       4
       3
       1
       4
       2
       1
       5
       0
       3
       4
       3
       1
       3
       2
       4
       1
       0
       3
       5
       0
       2
       2
       1
       2
       2
       2
       0
       5
       3
       1
       0
       2
       1
       2
       2
       1
       2
       0
       3
       3
       2
       0
       2
       1
       1
       4
       2
       1
       2
       5
       3
       2
       1
       1
       2
       1
       0
       3
       1
       1
       4
       0
       3
       3
       1
       1
       4
       1
       1
       0
       3
       0
       0
       3
       3
       1
       1
       2
       5
       3
       4
       1
       1
       2
       4
       1
       2
       2
       0
       0
       3
       2
       1
       0
       4
       2
       2
       2
       3
       4
       3
       3
       3
       3
       3
       6
       2
       0
       3
       3
       1
       4
       5
       3
       2
       3
       4
       2
       2
       1
       0
       1
       3
       1
       4
       3
       6
       1
       1
       0
       2
       4
       2
       5
       4
       2
       1
       1
       3
       3
       0
       4
       7
       2
       3
       1
       2
       2
       5
       2
       4
       4
       1
       2
       4
       0
       5
       2
       2
       2
       5
       2
       2
       5
       2
       2
       0
       2
       2
       2
       2
       2
       6
       5
       3
       5
       2
       2
       1
       4
       1
       4
       2
       3
       5
       1
       3
       0
       4
       5
       6
       4
       4
       4
       3
       3
       4
       2
       2
       4
       4
       6
       1
       6
       2
       5
       3
       3
       3
       1
       2
       1
       6
       1
       6
       1
       7
       3
       5
       2
       2
       4
       1
       6
       4
       2
       2
       3
       4
       4
       1
       5
       1
       0
       1
       2
       6
       2
       4
       4
       3
       3
       4
       6
       3
       3
       3
       2
       5
       3
       3
       1
       6
       3
       4
       5
       2
       3
       3
       4
       4
       4
       1
       2
       8
       1
       4
       5
       1
       5
       2
       2
       4
       8
       7
       7
       9
       6
       6
       5
       9
       4
       2
       7
       0
       5
       5
       4
       6
       6
       5
       2
       3
       3
       6
       5
       6
       5
       5
       9
       7
       1
       7
      12
       6
       3
       7
      11
       7
      11
       7
       5
       8
       7
      11
      11
       5
       9
      12
      11
       8
       8
       7
       6
       9
       7
       8
       8
      15
      10
      10
       8
      12
      15
       4
       6
      15
       7
       7
      13
       8
      17
      21
      12
       7
      11
      14
       9
      16
       8
       6
      10
       8
      14
      11
      10
      15
      16
      12
      11
      13
      12
      15
       8
      12
       5
      16
      12
       9
      11
      18
      13
      15
      13
      13
       8
      14
       8
      16
      15
      13
      17
      17
      16
      12
      21
      17
       9
      14
      17
      10
      11
      15
      11
      17
      14
      12
      10
       9
      11
      15
       7
       8
      14
      13
       8
       8
      12
       6
      11
      14
       9
       7
       9
       6
       7
       7
      11
      10
      11
      10
      10
      12
       9
       8
       8
       9
       5
       7
       6
       8
       7
      10
       5
       8
       7
       4
       4
      12
       5
       4
       7
       7
       5
       5
       3
       7
       3
       7
      10
       4
       7
       6
       5
       6
       3
       3
       3
       4
       4
       3
       2
       1
       5
       2
       3
       6
       2
       3
       5
       2
       4
       4
       4
       3
       4
       4
       3
       4
       4
       4
       2
       1
       4
       4
       2
       6
       4
       6
       1
       2
       4
       5
       1
       2
       1
       5
       3
       2
       2
       2
       4
       2
       2
       3
       3
       3
       1
       2
       3
       4
       3
       1
       3
       4
       0
       1
       1
       1
       4
       2
       0
       0
       1
       2
       5
       0
       2
       3
       2
       1
       0
       0
       1
       2
       1
       0
       2
       0
       4
       0
       0
       1
       2
       0
       0
       1
       1
       0
       1
       1
       1
       2
       0
       0
       0
       0
       2
       2
       1
       1
       2
       0
       0
       2
       1
       3
       0
       0
       0
       0
       0
       0
       2
       1
       2
       0
       3
       1
       0
       1
       1
       0
       0
       1
       0
       0
       2
       0
       0
       0
       0
       1
       0
       0
       1
       0
       1
       2
       1
       1
       0
       1
       0
       1
       0
       1
       0
       0
       1
       0
       0
       0
       1
       1
       0
       0
       1
       0
       1
       0
       0
       0
       1
       0
       0
       0
       1
       0
       1
       0
       1
       0
       0
       0
       1
       1
       0
       1
       0
       0
       0
       0
       0
       0
       0
       1
       0
       0
       3
       0
       2
       1
       0
       0
       0
       1
       0
       0
       0
       1
       0
       0
       0
       0
       3
       0
       0
       0
       0
       0
       1
       0
       0
       0
       0
       1
       1
       0
       0
       1
       1
       1
       0
       0
       0
       1
       0
       1
       0
       0
       1
       0
       0
       0
       0
       0
       0
       0
       0
       0
       1
       0
       0
       2
       0
       2
       0
       0
       0
       0
       1
       0
       0
       1
       0
       0
       0
       0
       0
       0
       0
       1
       0
       2
       1
       0
       0
       0
       0
       1
       1
       2
       2
       1
       0
       1
       0
       1
       1
       1
       0
       0
       0
       0
       0
       0
       0
       0
       0
       2
       1
       0
       1
       0
       0
       0
       0
       0
       2
       2
       0
       0
       0
       0
       0
       0
       0
       2
       0
       0
       0
       2
       0
       0
       0
       0
       0
       0
       0
       1
       0
       1
       1
       0
       0
       2
       2
       0
       0
       0
       0
       0
       1
       0
       0
       0
       0
       1
       0
       1
       3
       1
       1
       0
       0
       3
       0
       1
       3
       0
       1
       0
       0
       0
       1
       2
       1
       1
       2
       2
       0
       1
       1
       0
       0
       1
       1
       0
       0
       2
       2
       1
       3
       1
       1
       0
       1
       0
       1
       0
       1
       0
       0
       1
       3
       0
       0
       1
       1
       1
       1
       1
       1
       1
       0
       0
       0
       1
       0
       0
       3
       2
       2
       1
       1
       1
       0
       0
       2
       2
       2
       3
       3
       2
       1
       4
       2
       1
       1
       0
       1
       1
       0
       1
       4
       1
       2
       3
       2
       4
       1
       0
       0
       4
       4
       2
       3
       5
       3
       7
       3
       2
       5
       2
       3
       3
       4
       3
       2
       4
       4
       1
       6
       4
       3
       0
       4
       4
       6
       3
       2
       5
       3
       3
       3
       3
       2
       7
       2
       0
       7
       1
       7
       2
       3
       6
       6
       5
       1
       3
       6
       6
       6
       2
       8
       4
       2
       2
       2
       2
       6
       5
       2
       4
       2
       4
       3
       3
       7
       3
       7
       9
       2
       6
       3
       5
       7
       6
      13
       6
       1
       5
       5
       5
      12
       5
       4
       6
       3
       3
       4
       8
       5
       4
       3
       2
       4
       2
       2
       2
       1
       6
       6
       3
       5
       2
      11
       6
       3
       4
       1
       5
       3
       2
       3
       2
       5
       2
       4
       5
       3
       6
       3
       1
       2
       3
       8
       4
       0
       2
       2
       4
       4
       5
       2
       5
       5
       2
       3
       1
       1
       0
       2
       1
       4
       0
       2
       0
       0
       3
       5
       1
       1
       2
       2
       1
       0
       6
       5
       1
       3
       0
       0
       2
       2
       0
       4
       2
       1
       5
       1
       0
       1
       1
       2
       3
       1
       2
       1
       1
       3
       3
       0
       0
       0
       1
       0
       1
       0
       1
       1
       0
       1
       0
       0
       2
       0
       1
       0
       0
       1
       1
       0
       2
       0
       1
       0
       0
       0
       1
       0
       0
       0
       0
       0
       0
       0
       0
       0
       0
       0
       0
       0
       0
       0
       0
       0
       0
       0
       0
       0
       0
       0
       0
       0
       0
       0
       0
       0
       0
       0
       0
       0
$ROI:
0
$PRESETS:
None
0
0
$ENER_FIT:
0.000000 2.049532
$MCA_CAL:
3
0.000000E+000 2.049532E+000 0.000000E+000 keV
$SHAPE_CAL:
3
0.000000E+000 0.000000E+000 0.000000E+000
