$SPEC_ID:
Scatter
$SPEC_REM:
DET# 1
DETDESC# JLAB-11 MCB 133
AP# Maestro Version 7.01
$DATE_MEA:
03/09/2026 10:40:05
$MEAS_TIM:
82 159
$DATA:
0 2047
       0
       0
       0
       0
       0
       0
       0
       0
       0
       0
       0
       0
       0
       0
       0
       0
       0
       0
       0
       0
       0
       0
       0
       0
       0
       0
       0
       0
       0
       0
       0
       0
       0
       0
       0
       0
       0
       0
       0
       0
       0
       0
       0
       0
       0
       0
       0
       0
       0
       0
       0
       0
       0
       0
       0
       0
       0
       0
       0
       0
       0
       0
       0
       0
       0
       0
       0
       0
       0
       2
       3
       6
   79526
  164264
  148450
  132199
  116772
  101251
   87153
   74395
   62652
   52080
   42741
   35623
   29228
   23594
   18819
   15283
   12200
    9698
    7691
    5945
    4806
    3890
    3053
    2381
    1985
    1563
    1282
    1029
     850
     690
     600
     523
     458
     414
     419
     381
     383
     352
     334
     305
     325
     299
     343
     285
     300
     312
     335
     321
     298
     287
     327
     312
     342
     335
     335
     281
     322
     333
     328
     324
     311
     313
     302
     319
     302
     300
     322
     319
     335
     313
     302
     331
     346
     307
     305
     325
     316
     359
     342
     311
     306
     298
     332
     332
     325
     299
     331
     288
     338
     324
     318
     286
     360
     331
     322
     308
     316
     332
     316
     300
     324
     274
     341
     332
     331
     370
     345
     325
     324
     351
     299
     319
     333
     330
     323
     319
     328
     345
     336
     341
     328
     331
     328
     332
     356
     351
     328
     373
     348
     298
     312
     336
     297
     344
     327
     327
     335
     342
     331
     330
     371
     346
     308
     390
     332
     378
     350
     322
     304
     336
     331
     339
     365
     339
     347
     328
     362
     336
     351
     340
     329
     345
     355
     344
     339
     333
     352
     348
     355
     375
     354
     335
     355
     346
     297
     337
     332
     373
     329
     377
     346
     354
     328
     353
     352
     359
     366
     359
     341
     377
     363
     368
     344
     358
     390
     356
     354
     353
     338
     354
     356
     365
     352
     372
     371
     386
     334
     385
     353
     384
     379
     398
     347
     371
     367
     371
     418
     393
     394
     396
     357
     384
     352
     365
     360
     361
     391
     384
     355
     387
     362
     377
     401
     409
     370
     375
     405
     396
     395
     387
     372
     367
     410
     410
     400
     377
     396
     388
     384
     368
     386
     429
     365
     401
     425
     402
     378
     416
     402
     386
     408
     400
     397
     372
     420
     406
     377
     392
     421
     399
     417
     410
     423
     401
     381
     404
     374
     386
     413
     396
     400
     409
     399
     414
     421
     397
     407
     406
     420
     403
     431
     387
     421
     404
     394
     413
     402
     389
     413
     409
     415
     397
     387
     400
     400
     381
     395
     438
     376
     413
     422
     374
     413
     380
     391
     399
     412
     405
     396
     458
     413
     431
     406
     371
     389
     410
     415
     441
     425
     405
     409
     428
     409
     428
     455
     455
     431
     431
     402
     411
     429
     429
     413
     439
     446
     443
     442
     382
     403
     437
     429
     450
     426
     447
     423
     447
     464
     453
     434
     448
     423
     459
     416
     421
     396
     435
     449
     434
     408
     460
     443
     454
     410
     431
     475
     422
     460
     457
     446
     419
     457
     451
     457
     456
     449
     436
     458
     429
     450
     456
     486
     475
     473
     463
     437
     492
     452
     424
     457
     469
     436
     435
     421
     477
     469
     467
     472
     452
     507
     503
     511
     461
     444
     484
     432
     456
     484
     475
     484
     479
     468
     483
     474
     501
     468
     489
     477
     461
     520
     495
     516
     496
     511
     471
     493
     474
     467
     465
     538
     498
     484
     468
     489
     501
     472
     500
     510
     487
     514
     457
     488
     477
     544
     538
     505
     504
     486
     543
     554
     513
     503
     511
     506
     497
     488
     490
     504
     515
     496
     479
     496
     521
     477
     479
     511
     528
     489
     507
     521
     486
     511
     501
     493
     497
     494
     503
     494
     508
     528
     509
     513
     479
     536
     529
     514
     502
     556
     510
     521
     482
     522
     517
     528
     500
     511
     535
     522
     523
     504
     529
     558
     548
     512
     566
     539
     551
     539
     537
     540
     514
     540
     530
     515
     548
     548
     554
     531
     537
     519
     558
     562
     535
     528
     556
     537
     553
     536
     572
     497
     554
     540
     567
     532
     548
     517
     529
     566
     518
     509
     508
     554
     569
     553
     530
     477
     547
     531
     560
     580
     550
     583
     531
     587
     525
     522
     588
     485
     545
     545
     537
     542
     554
     538
     474
     541
     507
     538
     531
     533
     529
     539
     551
     509
     529
     524
     523
     520
     530
     545
     533
     529
     505
     536
     482
     515
     508
     512
     505
     503
     549
     536
     507
     527
     555
     493
     487
     520
     558
     448
     503
     518
     521
     473
     496
     519
     519
     505
     501
     476
     524
     522
     477
     498
     483
     487
     487
     485
     464
     439
     527
     509
     496
     484
     486
     496
     522
     475
     508
     483
     485
     482
     477
     479
     490
     452
     496
     505
     442
     470
     472
     482
     451
     478
     495
     452
     486
     450
     494
     483
     455
     444
     468
     477
     471
     457
     467
     516
     507
     481
     478
     484
     478
     473
     446
     463
     428
     458
     469
     525
     450
     447
     458
     503
     483
     485
     443
     513
     450
     483
     451
     460
     490
     462
     460
     431
     445
     443
     444
     451
     418
     452
     465
     429
     431
     415
     477
     445
     432
     478
     450
     455
     458
     424
     445
     477
     464
     448
     445
     447
     463
     395
     461
     462
     407
     426
     409
     430
     396
     467
     427
     417
     431
     473
     443
     422
     421
     445
     455
     446
     415
     427
     452
     404
     416
     471
     466
     459
     467
     492
     410
     386
     421
     415
     466
     448
     435
     441
     395
     444
     426
     418
     449
     418
     421
     395
     442
     419
     420
     404
     416
     416
     414
     417
     423
     450
     399
     401
     424
     431
     422
     438
     392
     406
     446
     371
     391
     427
     401
     422
     400
     416
     398
     418
     400
     379
     403
     490
     420
     388
     392
     414
     391
     421
     427
     419
     415
     427
     389
     448
     413
     405
     383
     408
     404
     391
     425
     391
     413
     393
     399
     407
     415
     367
     387
     386
     394
     413
     402
     397
     406
     395
     374
     422
     363
     382
     393
     360
     393
     392
     395
     379
     390
     398
     370
     430
     383
     362
     397
     375
     378
     432
     394
     412
     383
     404
     395
     381
     366
     348
     389
     385
     394
     408
     394
     414
     386
     413
     374
     381
     388
     379
     393
     376
     374
     396
     355
     388
     347
     357
     421
     372
     368
     359
     355
     347
     389
     332
     363
     385
     372
     369
     379
     344
     373
     375
     367
     357
     349
     340
     335
     376
     325
     338
     373
     389
     322
     332
     355
     355
     353
     328
     326
     340
     351
     376
     356
     357
     332
     327
     348
     335
     351
     355
     340
     357
     353
     320
     355
     339
     325
     338
     331
     312
     304
     304
     356
     335
     313
     336
     329
     318
     320
     314
     327
     329
     320
     289
     311
     312
     298
     372
     362
     320
     311
     320
     301
     349
     334
     328
     322
     313
     307
     302
     313
     291
     283
     315
     275
     268
     291
     285
     294
     272
     273
     250
     246
     290
     292
     281
     291
     292
     251
     256
     281
     237
     279
     297
     316
     242
     269
     255
     280
     264
     230
     237
     272
     273
     269
     313
     277
     267
     268
     243
     289
     245
     263
     230
     242
     239
     260
     235
     254
     263
     263
     273
     246
     237
     221
     227
     238
     249
     226
     264
     209
     215
     250
     242
     217
     207
     224
     250
     244
     235
     220
     197
     207
     212
     208
     220
     200
     245
     243
     213
     188
     227
     221
     194
     191
     232
     199
     215
     199
     224
     208
     194
     230
     215
     211
     193
     190
     236
     201
     215
     186
     198
     190
     198
     199
     241
     207
     213
     197
     189
     197
     179
     187
     190
     208
     192
     191
     190
     152
     225
     170
     202
     182
     186
     209
     189
     175
     193
     183
     183
     172
     171
     186
     169
     198
     164
     178
     187
     164
     182
     192
     179
     166
     191
     183
     177
     187
     167
     157
     192
     167
     173
     160
     167
     158
     181
     147
     163
     159
     175
     165
     146
     176
     172
     138
     180
     149
     165
     179
     179
     175
     164
     168
     184
     163
     167
     177
     183
     171
     166
     150
     149
     149
     165
     179
     166
     162
     161
     167
     143
     143
     165
     152
     168
     171
     151
     153
     162
     165
     165
     166
     137
     145
     154
     143
     143
     161
     154
     161
     172
     150
     136
     146
     151
     153
     163
     163
     144
     158
     144
     149
     176
     159
     138
     134
     147
     169
     153
     155
     142
     148
     159
     140
     147
     143
     164
     146
     165
     160
     167
     154
     159
     150
     135
     154
     165
     137
     155
     155
     166
     146
     129
     146
     159
     130
     153
     156
     142
     126
     168
     156
     155
     175
     128
     157
     154
     151
     131
     149
     158
     155
     174
     160
     174
     137
     163
     148
     154
     124
     155
     154
     147
     148
     168
     143
     149
     149
     153
     159
     139
     130
     139
     135
     148
     153
     130
     157
     123
     164
     181
     154
     159
     147
     148
     175
     142
     138
     155
     142
     168
     156
     149
     148
     159
     140
     155
     160
     147
     140
     178
     143
     131
     135
     160
     147
     151
     151
     182
     185
     165
     162
     149
     161
     175
     168
     153
     153
     183
     158
     163
     184
     174
     200
     179
     142
     192
     165
     169
     181
     214
     191
     181
     171
     181
     167
     193
     199
     199
     213
     191
     218
     189
     213
     183
     205
     213
     212
     206
     209
     217
     187
     197
     229
     245
     234
     218
     241
     246
     252
     229
     246
     236
     248
     249
     253
     252
     266
     272
     277
     296
     286
     249
     295
     302
     287
     292
     306
     334
     318
     337
     305
     345
     365
     342
     348
     320
     350
     340
     400
     347
     369
     405
     385
     401
     456
     391
     402
     409
     415
     408
     431
     430
     449
     437
     451
     492
     463
     504
     479
     457
     522
     490
     546
     540
     528
     530
     533
     558
     579
     574
     571
     588
     637
     590
     620
     641
     672
     635
     577
     672
     629
     641
     674
     684
     671
     637
     686
     709
     711
     757
     696
     815
     709
     761
     686
     766
     791
     778
     830
     792
     782
     843
     821
     805
     809
     820
     798
     877
     885
     879
     897
     861
     840
     893
     880
     927
     902
     988
     911
     888
     982
     974
     890
     996
    1015
     953
     988
     980
    1032
    1011
    1078
     965
    1058
     965
    1010
     983
    1071
    1012
    1049
    1029
    1070
    1074
    1064
    1078
    1083
    1050
    1025
    1082
    1051
    1064
    1076
    1070
    1097
    1112
    1110
    1127
    1079
    1073
    1141
    1164
    1073
    1167
    1076
    1166
    1093
    1120
    1116
    1142
    1123
    1123
    1130
    1123
    1187
    1112
    1129
    1148
    1164
    1154
    1146
    1131
    1166
    1182
    1187
    1214
    1108
    1127
    1128
    1173
    1125
    1166
    1154
    1160
    1149
    1178
    1171
    1140
    1146
    1172
    1162
    1222
    1086
    1111
    1173
    1135
    1198
    1137
    1119
    1075
    1141
    1127
    1101
    1070
    1088
    1090
    1097
    1051
    1125
    1114
    1068
    1138
    1075
    1094
    1075
    1095
    1049
    1024
    1084
    1054
    1103
    1050
    1045
    1055
     998
    1047
    1021
     975
     999
     932
     995
     977
     970
     976
     971
     918
     934
     956
     936
     945
     956
     901
     935
     879
     940
     884
     874
     905
     910
     841
     815
     792
     814
     788
     781
     774
     785
     806
     775
     730
     757
     756
     754
     726
     733
     698
     679
     672
     638
     667
     604
     668
     671
     625
     596
     578
     561
     610
     570
     592
     592
     515
     535
     517
     482
     525
     502
     483
     473
     446
     476
     462
     441
     452
     467
     412
     371
     389
     367
     356
     372
     387
     355
     368
     308
     341
     255
     309
     314
     319
     298
     299
     281
     261
     258
     259
     268
     230
     240
     234
     216
     232
     217
     211
     224
     226
     212
     224
     216
     184
     203
     152
     180
     180
     184
     185
     170
     172
     170
     162
     154
     132
     141
     133
     112
     113
     117
     134
     109
     124
     124
     116
     119
     123
     135
     122
      91
      96
     111
     120
     110
      96
      93
     100
      98
     106
     100
     100
      85
      88
      89
      72
      93
     104
      72
      86
      78
      70
      71
      80
      89
      77
      76
      78
      82
      60
      99
      83
      69
      78
      74
      65
      66
      72
      59
      56
      79
      66
      60
      50
      58
      67
      75
      69
      76
      75
      73
      82
      59
      72
      69
      76
      67
      75
      67
      48
      61
      85
      73
      76
      48
      64
      60
      66
      68
      63
      67
      52
      62
      61
      63
      63
      60
      71
      68
      46
      53
      56
      69
      58
      74
      56
      69
      50
      64
      53
      62
      71
      60
      61
      60
      71
      58
      49
      63
      69
      59
      57
      61
      70
      56
      56
      73
      77
      68
      48
      57
      65
      67
      66
      48
      71
      62
      58
      61
      68
      59
      67
      64
      60
      59
      74
      49
      70
      64
      69
      70
      66
      49
      65
      70
      66
      61
      61
      67
      58
      54
      54
      60
      69
      62
      54
      70
      58
      59
      61
      70
      66
      64
      66
      48
      59
      58
      59
      71
      53
      66
      56
      59
      67
      67
      49
      72
      67
      56
      64
      57
      60
      58
      74
      43
      60
      53
      67
      66
      50
      51
      58
      71
      57
      65
      72
      62
      67
      59
      63
      61
      47
      54
      66
      60
      68
      58
      69
      60
      74
      63
      61
      56
      64
      79
      60
      61
      56
      61
      62
      71
      53
      75
      67
      60
      60
      58
      62
      73
      64
      66
      59
      70
      55
      72
      66
      56
      68
      57
      77
      55
      68
      70
      60
      52
      65
      64
      55
      62
      64
      67
      66
      60
      53
      56
      67
      57
       0
       0
       0
       0
       0
       0
       0
       0
       0
       0
       0
       0
       0
       0
       0
       0
       0
       0
       0
       0
       0
       0
       0
       0
       0
       0
       0
       0
       0
       0
       0
       0
$ROI:
0
$PRESETS:
None
0
0
$ENER_FIT:
0.000000 2.049536
$MCA_CAL:
3
0.000000E+000 2.049536E+000 0.000000E+000 keV
$SHAPE_CAL:
3
0.000000E+000 0.000000E+000 0.000000E+000
