$SPEC_ID:
Scatter
$SPEC_REM:
DET# 1
DETDESC# JLAB-11 MCB 133
AP# Maestro Version 7.01
$DATE_MEA:
03/10/2026 09:30:12
$MEAS_TIM:
280 293
$DATA:
0 2047
       0
       0
       0
       0
       0
       0
       0
       0
       0
       0
       0
       0
       0
       0
       0
       0
       0
       0
       0
       0
       0
       0
       0
       0
       0
       0
       0
       0
       0
       0
       0
       0
       0
       0
       0
       0
       0
       0
       0
       0
       0
       0
       0
       0
       0
       0
       0
       0
       0
       0
       0
       0
       0
       0
       0
       0
       0
       0
       0
       0
       0
       0
       0
       0
       0
       0
       0
       0
       0
       0
       0
       0
     866
    2655
    2900
    3093
    3217
    3371
    3517
    3617
    3800
    3896
    4081
    4181
    4246
    4216
    4186
    4222
    4298
    4323
    4225
    4257
    4260
    4309
    4360
    4299
    4181
    4277
    4187
    4154
    4079
    4166
    4099
    4084
    4009
    4008
    4097
    4127
    4124
    4060
    4099
    4034
    4159
    4316
    4355
    4247
    4464
    4510
    4611
    4513
    4793
    4649
    4805
    4947
    4925
    5050
    4975
    5059
    5099
    5001
    4924
    4817
    4951
    4713
    4566
    4435
    4145
    4051
    3944
    3715
    3564
    3267
    3000
    2817
    2687
    2524
    2254
    2091
    1979
    1828
    1624
    1533
    1429
    1316
    1199
    1152
    1045
    1041
     960
     879
     824
     747
     754
     705
     682
     667
     670
     626
     598
     569
     632
     604
     636
     633
     643
     654
     605
     648
     617
     558
     608
     633
     657
     637
     659
     665
     608
     666
     709
     767
     719
     701
     787
     751
     797
     757
     767
     778
     775
     755
     732
     716
     791
     738
     776
     759
     767
     821
     816
     870
     823
     844
     825
     804
     824
     808
     827
     885
     877
     886
     882
     865
     960
     939
     937
     998
     993
    1059
    1061
    1104
    1124
    1144
    1170
    1282
    1227
    1387
    1385
    1419
    1507
    1635
    1570
    1571
    1649
    1726
    1692
    1769
    1915
    1957
    1872
    1932
    1966
    2026
    2047
    2084
    2087
    2140
    2129
    2166
    2209
    2204
    2208
    2141
    2225
    2194
    2172
    2232
    2162
    2142
    2169
    2180
    2266
    2171
    2281
    2270
    2244
    2153
    2155
    2224
    2271
    2191
    2258
    2205
    2132
    2201
    2211
    2281
    2279
    2211
    2172
    2229
    2151
    2178
    2168
    2155
    2151
    2185
    2119
    2148
    2063
    2048
    2003
    2005
    1979
    1938
    1859
    1849
    1796
    1755
    1684
    1634
    1560
    1446
    1426
    1384
    1370
    1235
    1238
    1112
    1154
    1079
    1048
     929
     939
     819
     818
     753
     778
     738
     631
     645
     607
     585
     541
     562
     533
     451
     446
     427
     420
     431
     422
     414
     363
     356
     408
     352
     329
     337
     342
     354
     343
     338
     344
     328
     343
     357
     321
     323
     335
     340
     362
     339
     357
     334
     319
     341
     308
     366
     347
     330
     338
     337
     357
     303
     317
     339
     363
     352
     350
     350
     343
     347
     364
     370
     336
     345
     357
     355
     372
     340
     354
     365
     366
     357
     360
     360
     349
     357
     324
     317
     318
     332
     337
     352
     360
     360
     356
     365
     332
     316
     344
     344
     345
     342
     340
     369
     356
     328
     355
     351
     369
     338
     334
     345
     333
     339
     366
     315
     326
     333
     359
     357
     326
     344
     335
     330
     320
     346
     350
     346
     354
     339
     358
     358
     333
     363
     342
     348
     335
     345
     331
     333
     373
     369
     332
     348
     342
     333
     372
     356
     330
     364
     312
     378
     383
     373
     343
     368
     383
     385
     371
     390
     389
     395
     408
     387
     410
     423
     387
     395
     417
     409
     412
     390
     375
     416
     413
     425
     382
     437
     373
     399
     426
     404
     432
     396
     448
     405
     441
     439
     419
     412
     420
     447
     425
     443
     435
     473
     401
     479
     455
     455
     445
     462
     414
     438
     454
     451
     444
     413
     433
     480
     414
     427
     458
     419
     443
     420
     432
     424
     432
     438
     432
     402
     426
     434
     430
     439
     406
     414
     415
     431
     398
     402
     406
     420
     433
     414
     398
     433
     370
     438
     394
     415
     448
     429
     408
     405
     369
     391
     407
     405
     403
     386
     384
     380
     382
     373
     366
     394
     350
     366
     387
     375
     381
     352
     370
     353
     358
     368
     384
     340
     327
     359
     358
     325
     375
     344
     339
     328
     333
     374
     359
     331
     354
     336
     287
     341
     340
     360
     348
     303
     322
     344
     321
     318
     333
     320
     348
     306
     346
     309
     286
     306
     276
     308
     322
     323
     311
     310
     303
     315
     298
     293
     292
     295
     271
     276
     294
     292
     320
     300
     310
     310
     285
     286
     285
     317
     301
     304
     302
     312
     277
     267
     285
     292
     263
     302
     297
     263
     248
     253
     270
     266
     257
     282
     259
     244
     273
     247
     225
     261
     238
     255
     229
     250
     233
     242
     215
     250
     259
     269
     257
     238
     237
     237
     214
     232
     234
     230
     263
     239
     223
     204
     248
     235
     212
     214
     202
     239
     216
     207
     195
     223
     217
     190
     186
     178
     207
     232
     209
     226
     219
     204
     212
     205
     189
     214
     186
     193
     218
     211
     177
     210
     198
     193
     194
     212
     216
     221
     177
     205
     201
     221
     207
     181
     220
     195
     196
     225
     178
     189
     188
     185
     175
     188
     171
     177
     167
     172
     203
     194
     202
     174
     175
     188
     190
     167
     190
     179
     192
     162
     149
     177
     185
     190
     183
     182
     163
     174
     181
     166
     171
     183
     177
     181
     187
     168
     156
     187
     168
     158
     179
     176
     176
     184
     156
     180
     164
     165
     158
     158
     169
     168
     176
     169
     160
     182
     180
     157
     166
     168
     164
     167
     196
     185
     171
     181
     177
     159
     197
     212
     174
     180
     167
     170
     179
     166
     209
     157
     201
     222
     177
     210
     200
     201
     203
     200
     202
     180
     210
     222
     207
     211
     223
     218
     213
     218
     241
     264
     251
     234
     213
     258
     227
     246
     257
     253
     263
     242
     258
     257
     238
     246
     262
     307
     268
     273
     277
     269
     288
     268
     295
     285
     286
     295
     293
     325
     294
     311
     336
     321
     298
     302
     311
     316
     327
     333
     362
     311
     335
     338
     383
     356
     367
     386
     368
     382
     390
     380
     343
     386
     373
     404
     398
     411
     365
     388
     368
     421
     389
     407
     391
     419
     416
     401
     446
     431
     469
     411
     439
     456
     441
     440
     460
     461
     412
     434
     472
     490
     472
     465
     488
     469
     472
     455
     501
     503
     486
     521
     485
     526
     505
     502
     470
     461
     520
     504
     505
     486
     500
     531
     541
     541
     569
     534
     522
     532
     541
     593
     550
     588
     505
     537
     568
     573
     549
     551
     563
     547
     606
     574
     533
     548
     520
     545
     517
     561
     595
     565
     561
     568
     510
     542
     563
     580
     502
     575
     571
     519
     537
     498
     494
     488
     562
     529
     530
     505
     495
     492
     446
     504
     509
     453
     454
     486
     491
     461
     441
     478
     469
     459
     453
     461
     405
     436
     450
     420
     439
     443
     408
     422
     436
     417
     440
     387
     427
     383
     432
     370
     358
     403
     418
     388
     403
     388
     396
     370
     376
     349
     397
     383
     384
     408
     390
     419
     433
     442
     406
     394
     415
     398
     406
     396
     408
     440
     436
     434
     436
     464
     444
     451
     497
     467
     510
     461
     463
     524
     499
     488
     525
     537
     550
     541
     555
     580
     587
     635
     580
     631
     625
     663
     641
     651
     672
     698
     668
     734
     702
     705
     775
     750
     794
     796
     776
     856
     837
     807
     874
     857
     828
     867
     920
     904
     891
     952
    1007
     944
     915
     980
     983
    1002
     994
    1064
    1003
     999
    1016
    1071
    1040
    1092
    1076
    1096
    1074
    1068
    1119
    1090
    1093
    1164
    1205
    1151
    1153
    1177
    1218
    1102
    1166
    1187
    1211
    1192
    1140
    1153
    1155
    1233
    1207
    1170
    1163
    1192
    1212
    1225
    1138
    1201
    1195
    1177
    1124
    1229
    1123
    1212
    1140
    1147
    1107
    1139
    1158
    1103
    1141
    1082
    1064
    1070
    1127
    1072
    1079
    1097
    1051
    1034
    1036
    1031
     989
    1014
    1029
     988
     978
     995
     968
     950
     949
     889
     903
     891
     949
     890
     837
     939
     850
     836
     845
     771
     781
     803
     759
     753
     793
     746
     719
     758
     687
     695
     667
     660
     651
     605
     644
     629
     591
     597
     600
     571
     566
     545
     540
     525
     527
     544
     478
     530
     471
     526
     441
     426
     430
     470
     481
     435
     409
     407
     400
     387
     372
     385
     387
     399
     369
     349
     351
     351
     330
     313
     333
     291
     317
     319
     301
     283
     277
     279
     284
     244
     267
     234
     254
     232
     228
     219
     251
     243
     218
     238
     225
     225
     205
     213
     207
     202
     193
     196
     197
     188
     196
     172
     180
     195
     154
     176
     160
     170
     170
     170
     150
     152
     174
     159
     142
     123
     173
     132
     137
     103
     133
     139
     149
     125
     108
      96
     125
     121
     121
     122
      92
     126
     107
      99
     102
      88
     100
     101
     108
     102
      68
      67
      76
      95
      80
      80
      86
      88
      64
      73
      68
      62
      67
      83
      76
      59
      59
      70
      58
      75
      56
      74
      45
      52
      49
      48
      57
      59
      60
      57
      51
      45
      53
      57
      46
      50
      44
      56
      53
      50
      45
      44
      44
      42
      42
      51
      42
      53
      46
      42
      44
      55
      46
      40
      35
      35
      59
      46
      46
      47
      47
      43
      42
      37
      38
      41
      42
      41
      42
      56
      34
      51
      50
      58
      51
      42
      42
      40
      52
      48
      48
      46
      45
      55
      43
      35
      51
      41
      40
      45
      40
      45
      54
      47
      37
      42
      41
      31
      42
      42
      45
      49
      42
      53
      31
      39
      47
      56
      38
      42
      43
      52
      35
      26
      30
      45
      28
      39
      36
      32
      32
      42
      45
      39
      45
      32
      35
      34
      40
      50
      41
      30
      30
      35
      30
      39
      41
      41
      41
      38
      29
      36
      41
      36
      33
      35
      28
      31
      26
      25
      23
      25
      33
      29
      28
      46
      29
      33
      27
      18
      24
      33
      32
      20
      27
      25
      38
      20
      23
      27
      20
      24
      19
      22
      22
      20
      27
      15
      21
      21
      20
      18
      19
      28
      14
      24
      24
      12
      14
      14
      17
      13
      20
       9
      20
      20
      10
      16
      20
      19
      16
      12
      22
      18
      18
      13
      12
      18
      13
      10
      12
      25
      15
      14
      18
      16
      16
      19
      13
      14
      17
      13
      20
      20
      12
      12
      14
       8
      10
      11
      16
       6
      19
      16
      11
      10
      16
       9
      13
       7
      13
      20
       9
      13
      19
      14
      10
      10
      12
      15
       4
      12
      15
       5
      10
      11
       5
      11
      16
      13
       4
      15
       8
       7
      19
       3
      11
       2
       5
       7
       9
      11
       9
      12
      12
      12
      10
      17
       8
      12
      14
      10
       5
      14
       9
      13
       9
       6
       8
      16
      12
       8
       9
      15
      16
      12
      12
      10
       8
      12
      13
      11
       7
       6
      11
       9
       5
       7
       7
       7
       9
       7
       9
      16
      12
       9
      14
       6
      12
      11
       9
       6
       7
       5
      10
      12
      12
       9
       9
      13
       7
       4
       8
      16
       8
       7
      11
       9
      10
      12
      14
      11
      10
      13
       9
       7
      14
       8
      15
       9
      11
       8
       9
       5
       9
       6
      11
      10
      10
      12
       6
       4
       5
      10
       6
      11
       6
      11
       7
      10
      10
      16
       6
      15
      12
      10
       5
      15
      11
       8
       8
       6
       3
       8
      11
       4
       3
       4
      10
       8
       6
      13
      10
      14
      11
      10
      10
       9
       8
       5
      12
       8
      11
       5
       6
       7
      11
      10
       4
       4
      13
       7
      14
      12
       8
       9
      18
       4
       9
       9
      16
      11
       9
       8
       8
      13
       4
       7
       3
       9
       5
       9
      13
       1
       3
       5
       6
       5
      12
       9
       9
       5
      10
       9
      13
       5
      10
       8
       8
      10
      10
       2
       7
      14
       6
      12
      10
      12
       5
       7
       6
       4
       7
       9
       8
       6
      10
      12
       3
       7
       9
       4
      14
      10
       8
       3
       5
       5
       7
       9
      10
       7
      12
      12
      11
       6
      13
       8
      11
      12
      11
      12
       6
      11
       8
      12
       6
       8
       8
       9
      10
       6
       7
       7
      14
      13
      11
      11
       6
       8
       9
       8
       9
       7
      10
       8
       9
       7
       6
      11
      16
       8
       8
      11
       7
      10
      14
      12
      11
      10
       4
      13
      10
      12
      10
      11
      10
       9
      10
       8
      11
       4
      11
       7
      10
       9
       6
       8
      12
      15
      13
      14
       9
      14
       8
      10
      13
      13
       7
       3
      12
       8
       5
      11
      11
       5
       7
       8
       6
       4
       7
       7
       8
       8
       5
       7
       8
       3
       8
       9
       8
      12
      12
       5
       5
       7
       9
       6
      18
       7
       4
       3
       4
       7
       7
       7
       8
       7
       6
       5
      12
      16
      10
      11
      10
      12
       9
       6
      10
      11
       9
       9
       8
      15
      11
       4
       3
       8
       6
       8
      12
      13
       3
       5
      10
      12
       9
       7
       8
       6
       8
       8
       8
       8
      12
       4
       6
       9
      11
       5
      10
      12
       4
       8
       2
       5
       9
       7
       7
       9
       8
       7
       7
       7
       8
      11
       6
       5
       5
       5
       2
       8
      11
       5
      17
       8
      10
       5
       8
       2
       4
       6
       7
      12
       6
       9
       2
       6
      11
       8
       6
       5
       6
       9
       4
      10
       9
      11
       9
       6
       6
       9
       7
       4
       5
       4
       2
       5
       5
       8
       3
       8
       4
       4
       7
       7
       4
       6
       8
       9
       4
       2
       8
       5
       5
       6
       7
       7
       5
       2
       5
       8
       0
       0
       0
       0
       0
       0
       0
       0
       0
       0
       0
       0
       0
       0
       0
       0
       0
       0
       0
       0
       0
       0
       0
       0
       0
       0
       0
       0
       0
       0
       0
       0
$ROI:
0
$PRESETS:
None
0
0
$ENER_FIT:
0.000000 2.049536
$MCA_CAL:
3
0.000000E+000 2.049536E+000 0.000000E+000 keV
$SHAPE_CAL:
3
0.000000E+000 0.000000E+000 0.000000E+000
